timestamps,frame_nr,rvec[0],rvec[1],rvec[2],tvec[0],tvec[1],tvec[2]
1714054236.693069,5324,nan,nan,nan,nan,nan,nan
1714054236.713793,5325,nan,nan,nan,nan,nan,nan
1714054236.7365148,5326,nan,nan,nan,nan,nan,nan
1714054236.758338,5327,nan,nan,nan,nan,nan,nan
1714054236.7804039,5328,nan,nan,nan,nan,nan,nan
1714054236.802441,5329,nan,nan,nan,nan,nan,nan
1714054236.8253043,5330,nan,nan,nan,nan,nan,nan
1714054236.8471487,5331,nan,nan,nan,nan,nan,nan
1714054236.8703284,5332,nan,nan,nan,nan,nan,nan
1714054236.8922493,5333,nan,nan,nan,nan,nan,nan
1714054236.9181364,5334,nan,nan,nan,nan,nan,nan
1714054236.9402168,5335,nan,nan,nan,nan,nan,nan
1714054236.9622257,5336,nan,nan,nan,nan,nan,nan
1714054236.9851995,5337,nan,nan,nan,nan,nan,nan
1714054237.0138752,5338,nan,nan,nan,nan,nan,nan
1714054237.027324,5339,nan,nan,nan,nan,nan,nan
1714054237.0487368,5340,nan,nan,nan,nan,nan,nan
1714054237.0708554,5341,nan,nan,nan,nan,nan,nan
1714054237.0923858,5342,nan,nan,nan,nan,nan,nan
1714054237.1157184,5343,nan,nan,nan,nan,nan,nan
1714054237.138716,5344,nan,nan,nan,nan,nan,nan
1714054237.1604583,5345,nan,nan,nan,nan,nan,nan
1714054237.1825836,5346,nan,nan,nan,nan,nan,nan
1714054237.2065277,5347,nan,nan,nan,nan,nan,nan
1714054237.2291784,5348,nan,nan,nan,nan,nan,nan
1714054237.2529922,5349,nan,nan,nan,nan,nan,nan
1714054237.2893965,5350,nan,nan,nan,nan,nan,nan
1714054237.3031542,5351,nan,nan,nan,nan,nan,nan
1714054237.3190086,5352,nan,nan,nan,nan,nan,nan
1714054237.3411295,5353,nan,nan,nan,nan,nan,nan
1714054237.3631175,5354,nan,nan,nan,nan,nan,nan
1714054237.3850532,5355,nan,nan,nan,nan,nan,nan
1714054237.4068933,5356,nan,nan,nan,nan,nan,nan
1714054237.4297876,5357,nan,nan,nan,nan,nan,nan
1714054237.4527507,5358,nan,nan,nan,nan,nan,nan
1714054237.4730983,5359,nan,nan,nan,nan,nan,nan
1714054237.5054584,5360,nan,nan,nan,nan,nan,nan
1714054237.5219743,5361,nan,nan,nan,nan,nan,nan
1714054237.541807,5362,nan,nan,nan,nan,nan,nan
1714054237.5630326,5363,nan,nan,nan,nan,nan,nan
1714054237.5848074,5364,nan,nan,nan,nan,nan,nan
1714054237.6209729,5365,nan,nan,nan,nan,nan,nan
1714054237.652355,5366,nan,nan,nan,nan,nan,nan
1714054237.666479,5367,nan,nan,nan,nan,nan,nan
1714054237.6821713,5368,nan,nan,nan,nan,nan,nan
1714054237.7049692,5369,nan,nan,nan,nan,nan,nan
1714054237.7261705,5370,nan,nan,nan,nan,nan,nan
1714054237.7480404,5371,nan,nan,nan,nan,nan,nan
1714054237.7747738,5372,nan,nan,nan,nan,nan,nan
1714054237.7955055,5373,nan,nan,nan,nan,nan,nan
1714054237.816397,5374,nan,nan,nan,nan,nan,nan
1714054237.8384013,5375,nan,nan,nan,nan,nan,nan
1714054237.862506,5376,nan,nan,nan,nan,nan,nan
1714054237.8852203,5377,nan,nan,nan,nan,nan,nan
1714054237.9134192,5378,nan,nan,nan,nan,nan,nan
1714054237.932455,5379,nan,nan,nan,nan,nan,nan
1714054237.954366,5380,nan,nan,nan,nan,nan,nan
1714054237.9875026,5381,nan,nan,nan,nan,nan,nan
1714054238.0007327,5382,nan,nan,nan,nan,nan,nan
1714054238.0197082,5383,nan,nan,nan,nan,nan,nan
1714054238.042646,5384,nan,nan,nan,nan,nan,nan
1714054238.06524,5385,nan,nan,nan,nan,nan,nan
1714054238.088191,5386,nan,nan,nan,nan,nan,nan
1714054238.1128638,5387,nan,nan,nan,nan,nan,nan
1714054238.130979,5388,nan,nan,nan,nan,nan,nan
1714054238.1528404,5389,nan,nan,nan,nan,nan,nan
1714054238.1739078,5390,nan,nan,nan,nan,nan,nan
1714054238.1974213,5391,nan,nan,nan,nan,nan,nan
1714054238.2230852,5392,nan,nan,nan,nan,nan,nan
1714054238.2451336,5393,nan,nan,nan,nan,nan,nan
1714054238.266993,5394,nan,nan,nan,nan,nan,nan
1714054238.2904096,5395,nan,nan,nan,nan,nan,nan
1714054238.3117604,5396,nan,nan,nan,nan,nan,nan
1714054238.3340821,5397,nan,nan,nan,nan,nan,nan
1714054238.3573117,5398,nan,nan,nan,nan,nan,nan
1714054238.3843727,5399,nan,nan,nan,nan,nan,nan
1714054238.4151,5400,nan,nan,nan,nan,nan,nan
1714054238.4464705,5401,nan,nan,nan,nan,nan,nan
1714054238.4823737,5402,nan,nan,nan,nan,nan,nan
1714054238.5286295,5403,nan,nan,nan,nan,nan,nan
1714054238.5698514,5404,nan,nan,nan,nan,nan,nan
1714054238.6082788,5405,nan,nan,nan,nan,nan,nan
1714054238.6297421,5406,nan,nan,nan,nan,nan,nan
1714054238.6458716,5407,nan,nan,nan,nan,nan,nan
1714054238.666469,5408,nan,nan,nan,nan,nan,nan
1714054238.6761382,5409,nan,nan,nan,nan,nan,nan
1714054238.698884,5410,nan,nan,nan,nan,nan,nan
1714054238.722667,5411,nan,nan,nan,nan,nan,nan
1714054238.7439642,5412,nan,nan,nan,nan,nan,nan
1714054238.780141,5413,nan,nan,nan,nan,nan,nan
1714054238.814489,5414,nan,nan,nan,nan,nan,nan
1714054238.8488834,5415,nan,nan,nan,nan,nan,nan
1714054238.8743,5416,nan,nan,nan,nan,nan,nan
1714054238.9001777,5417,nan,nan,nan,nan,nan,nan
1714054238.9348824,5418,nan,nan,nan,nan,nan,nan
1714054238.960849,5419,nan,nan,nan,nan,nan,nan
1714054238.9880078,5420,nan,nan,nan,nan,nan,nan
1714054239.0080848,5421,nan,nan,nan,nan,nan,nan
1714054239.0165696,5422,nan,nan,nan,nan,nan,nan
1714054239.025031,5423,nan,nan,nan,nan,nan,nan
1714054239.0358307,5424,nan,nan,nan,nan,nan,nan
1714054239.0582707,5425,nan,nan,nan,nan,nan,nan
1714054239.081127,5426,nan,nan,nan,nan,nan,nan
1714054239.104458,5427,nan,nan,nan,nan,nan,nan
1714054239.128777,5428,nan,nan,nan,nan,nan,nan
1714054239.1538537,5429,nan,nan,nan,nan,nan,nan
1714054239.1748943,5430,nan,nan,nan,nan,nan,nan
1714054239.1988406,5431,nan,nan,nan,nan,nan,nan
1714054239.2194324,5432,nan,nan,nan,nan,nan,nan
1714054239.2436998,5433,nan,nan,nan,nan,nan,nan
1714054239.2697213,5434,nan,nan,nan,nan,nan,nan
1714054239.2919767,5435,nan,nan,nan,nan,nan,nan
1714054239.314834,5436,nan,nan,nan,nan,nan,nan
1714054239.35589,5437,nan,nan,nan,nan,nan,nan
1714054239.397107,5438,nan,nan,nan,nan,nan,nan
1714054239.4144359,5439,nan,nan,nan,nan,nan,nan
1714054239.4232903,5440,nan,nan,nan,nan,nan,nan
1714054239.432241,5441,nan,nan,nan,nan,nan,nan
1714054239.4499946,5442,nan,nan,nan,nan,nan,nan
1714054239.4728723,5443,nan,nan,nan,nan,nan,nan
1714054239.494805,5444,nan,nan,nan,nan,nan,nan
1714054239.515928,5445,nan,nan,nan,nan,nan,nan
1714054239.5377278,5446,nan,nan,nan,nan,nan,nan
1714054239.5595818,5447,nan,nan,nan,nan,nan,nan
1714054239.5818536,5448,nan,nan,nan,nan,nan,nan
1714054239.605627,5449,nan,nan,nan,nan,nan,nan
1714054239.6293917,5450,nan,nan,nan,nan,nan,nan
1714054239.6502657,5451,nan,nan,nan,nan,nan,nan
1714054239.6721287,5452,nan,nan,nan,nan,nan,nan
1714054239.6939728,5453,nan,nan,nan,nan,nan,nan
1714054239.7158623,5454,nan,nan,nan,nan,nan,nan
1714054239.7427108,5455,nan,nan,nan,nan,nan,nan
1714054239.7827764,5456,nan,nan,nan,nan,nan,nan
1714054239.8188124,5457,nan,nan,nan,nan,nan,nan
1714054239.8408687,5458,nan,nan,nan,nan,nan,nan
1714054239.8577433,5459,nan,nan,nan,nan,nan,nan
1714054239.8842056,5460,nan,nan,nan,nan,nan,nan
1714054239.909429,5461,nan,nan,nan,nan,nan,nan
1714054239.93942,5462,nan,nan,nan,nan,nan,nan
1714054239.9725654,5463,nan,nan,nan,nan,nan,nan
1714054239.9967413,5464,nan,nan,nan,nan,nan,nan
1714054240.040656,5465,nan,nan,nan,nan,nan,nan
1714054240.098304,5466,nan,nan,nan,nan,nan,nan
1714054240.1315591,5467,nan,nan,nan,nan,nan,nan
1714054240.142058,5468,nan,nan,nan,nan,nan,nan
1714054240.154095,5469,nan,nan,nan,nan,nan,nan
1714054240.1676102,5470,nan,nan,nan,nan,nan,nan
1714054240.1824865,5471,nan,nan,nan,nan,nan,nan
1714054240.2044172,5472,nan,nan,nan,nan,nan,nan
1714054240.2293973,5473,nan,nan,nan,nan,nan,nan
1714054240.2520962,5474,nan,nan,nan,nan,nan,nan
1714054240.2745373,5475,nan,nan,nan,nan,nan,nan
1714054240.2961633,5476,nan,nan,nan,nan,nan,nan
1714054240.3174913,5477,nan,nan,nan,nan,nan,nan
1714054240.3398697,5478,nan,nan,nan,nan,nan,nan
1714054240.362241,5479,nan,nan,nan,nan,nan,nan
1714054240.385357,5480,nan,nan,nan,nan,nan,nan
1714054240.4071584,5481,nan,nan,nan,nan,nan,nan
1714054240.4294333,5482,nan,nan,nan,nan,nan,nan
1714054240.4494066,5483,nan,nan,nan,nan,nan,nan
1714054240.4729307,5484,nan,nan,nan,nan,nan,nan
1714054240.4933007,5485,nan,nan,nan,nan,nan,nan
1714054240.5184777,5486,nan,nan,nan,nan,nan,nan
1714054240.540937,5487,nan,nan,nan,nan,nan,nan
1714054240.561575,5488,nan,nan,nan,nan,nan,nan
1714054240.583118,5489,nan,nan,nan,nan,nan,nan
1714054240.609479,5490,nan,nan,nan,nan,nan,nan
1714054240.6328723,5491,nan,nan,nan,nan,nan,nan
1714054240.6547174,5492,nan,nan,nan,nan,nan,nan
1714054240.6763248,5493,nan,nan,nan,nan,nan,nan
1714054240.6973217,5494,nan,nan,nan,nan,nan,nan
1714054240.7198656,5495,nan,nan,nan,nan,nan,nan
1714054240.7422552,5496,nan,nan,nan,nan,nan,nan
1714054240.764786,5497,nan,nan,nan,nan,nan,nan
1714054240.7857597,5498,nan,nan,nan,nan,nan,nan
1714054240.80968,5499,nan,nan,nan,nan,nan,nan
1714054240.8301184,5500,nan,nan,nan,nan,nan,nan
1714054240.8539617,5501,nan,nan,nan,nan,nan,nan
1714054240.876607,5502,nan,nan,nan,nan,nan,nan
1714054240.8979945,5503,nan,nan,nan,nan,nan,nan
1714054240.921229,5504,nan,nan,nan,nan,nan,nan
1714054240.9430065,5505,nan,nan,nan,nan,nan,nan
1714054240.9675949,5506,nan,nan,nan,nan,nan,nan
1714054240.9905653,5507,nan,nan,nan,nan,nan,nan
1714054241.0150838,5508,nan,nan,nan,nan,nan,nan
1714054241.0395515,5509,nan,nan,nan,nan,nan,nan
1714054241.0605035,5510,nan,nan,nan,nan,nan,nan
1714054241.0848947,5511,nan,nan,nan,nan,nan,nan
1714054241.1090684,5512,nan,nan,nan,nan,nan,nan
1714054241.132149,5513,nan,nan,nan,nan,nan,nan
1714054241.1551578,5514,nan,nan,nan,nan,nan,nan
1714054241.1774666,5515,nan,nan,nan,nan,nan,nan
1714054241.1992056,5516,nan,nan,nan,nan,nan,nan
1714054241.2215822,5517,nan,nan,nan,nan,nan,nan
1714054241.24453,5518,nan,nan,nan,nan,nan,nan
1714054241.2664473,5519,nan,nan,nan,nan,nan,nan
1714054241.2882898,5520,nan,nan,nan,nan,nan,nan
1714054241.311203,5521,nan,nan,nan,nan,nan,nan
1714054241.3341062,5522,nan,nan,nan,nan,nan,nan
1714054241.3570192,5523,nan,nan,nan,nan,nan,nan
1714054241.378907,5524,nan,nan,nan,nan,nan,nan
1714054241.4009283,5525,nan,nan,nan,nan,nan,nan
1714054241.4228222,5526,nan,nan,nan,nan,nan,nan
1714054241.4456985,5527,nan,nan,nan,nan,nan,nan
1714054241.4677253,5528,nan,nan,nan,nan,nan,nan
1714054241.4896119,5529,nan,nan,nan,nan,nan,nan
1714054241.5113807,5530,nan,nan,nan,nan,nan,nan
1714054241.5331855,5531,nan,nan,nan,nan,nan,nan
1714054241.5559857,5532,nan,nan,nan,nan,nan,nan
1714054241.5778155,5533,nan,nan,nan,nan,nan,nan
1714054241.5996747,5534,nan,nan,nan,nan,nan,nan
1714054241.6223652,5535,nan,nan,nan,nan,nan,nan
1714054241.6442087,5536,nan,nan,nan,nan,nan,nan
1714054241.6672409,5537,nan,nan,nan,nan,nan,nan
1714054241.6890824,5538,nan,nan,nan,nan,nan,nan
1714054241.711023,5539,nan,nan,nan,nan,nan,nan
1714054241.7318704,5540,nan,nan,nan,nan,nan,nan
1714054241.754692,5541,nan,nan,nan,nan,nan,nan
1714054241.7765963,5542,nan,nan,nan,nan,nan,nan
1714054241.7994964,5543,nan,nan,nan,nan,nan,nan
1714054241.8216436,5544,nan,nan,nan,nan,nan,nan
1714054241.8438017,5545,nan,nan,nan,nan,nan,nan
1714054241.8674526,5546,nan,nan,nan,nan,nan,nan
1714054241.888605,5547,nan,nan,nan,nan,nan,nan
1714054241.910746,5548,nan,nan,nan,nan,nan,nan
1714054241.9322884,5549,nan,nan,nan,nan,nan,nan
1714054241.9568384,5550,nan,nan,nan,nan,nan,nan
1714054241.9805353,5551,nan,nan,nan,nan,nan,nan
1714054242.0028365,5552,nan,nan,nan,nan,nan,nan
1714054242.0243487,5553,nan,nan,nan,nan,nan,nan
1714054242.0478756,5554,nan,nan,nan,nan,nan,nan
1714054242.0707276,5555,nan,nan,nan,nan,nan,nan
1714054242.0926437,5556,nan,nan,nan,nan,nan,nan
1714054242.1146142,5557,nan,nan,nan,nan,nan,nan
1714054242.1365373,5558,nan,nan,nan,nan,nan,nan
1714054242.1584268,5559,nan,nan,nan,nan,nan,nan
1714054242.1813724,5560,nan,nan,nan,nan,nan,nan
1714054242.203288,5561,nan,nan,nan,nan,nan,nan
1714054242.2250779,5562,nan,nan,nan,nan,nan,nan
1714054242.2468805,5563,nan,nan,nan,nan,nan,nan
1714054242.2697103,5564,nan,nan,nan,nan,nan,nan
1714054242.291517,5565,nan,nan,nan,nan,nan,nan
1714054242.3143551,5566,nan,nan,nan,nan,nan,nan
1714054242.3362935,5567,nan,nan,nan,nan,nan,nan
1714054242.3591464,5568,nan,nan,nan,nan,nan,nan
1714054242.3810065,5569,nan,nan,nan,nan,nan,nan
1714054242.4028754,5570,nan,nan,nan,nan,nan,nan
1714054242.4258158,5571,nan,nan,nan,nan,nan,nan
1714054242.4490142,5572,nan,nan,nan,nan,nan,nan
1714054242.4699202,5573,nan,nan,nan,nan,nan,nan
1714054242.5016599,5574,nan,nan,nan,nan,nan,nan
1714054242.5199132,5575,nan,nan,nan,nan,nan,nan
1714054242.5398197,5576,nan,nan,nan,nan,nan,nan
1714054242.564519,5577,nan,nan,nan,nan,nan,nan
1714054242.5856571,5578,nan,nan,nan,nan,nan,nan
1714054242.6074936,5579,nan,nan,nan,nan,nan,nan
1714054242.6295514,5580,nan,nan,nan,nan,nan,nan
1714054242.6514876,5581,nan,nan,nan,nan,nan,nan
1714054242.6734834,5582,nan,nan,nan,nan,nan,nan
1714054242.6963134,5583,nan,nan,nan,nan,nan,nan
1714054242.7182684,5584,nan,nan,nan,nan,nan,nan
1714054242.73917,5585,nan,nan,nan,nan,nan,nan
1714054242.7610826,5586,nan,nan,nan,nan,nan,nan
1714054242.7840273,5587,nan,nan,nan,nan,nan,nan
1714054242.8059752,5588,nan,nan,nan,nan,nan,nan
1714054242.8277605,5589,nan,nan,nan,nan,nan,nan
1714054242.8495026,5590,nan,nan,nan,nan,nan,nan
1714054242.870255,5591,nan,nan,nan,nan,nan,nan
1714054242.8930037,5592,nan,nan,nan,nan,nan,nan
1714054242.914788,5593,nan,nan,nan,nan,nan,nan
1714054242.9366753,5594,nan,nan,nan,nan,nan,nan
1714054242.9583926,5595,nan,nan,nan,nan,nan,nan
1714054242.9801562,5596,nan,nan,nan,nan,nan,nan
1714054243.0029392,5597,nan,nan,nan,nan,nan,nan
1714054243.0247707,5598,nan,nan,nan,nan,nan,nan
1714054243.046473,5599,nan,nan,nan,nan,nan,nan
1714054243.0692751,5600,nan,nan,nan,nan,nan,nan
1714054243.0923023,5601,nan,nan,nan,nan,nan,nan
1714054243.1140625,5602,nan,nan,nan,nan,nan,nan
1714054243.137235,5603,nan,nan,nan,nan,nan,nan
1714054243.1581001,5604,nan,nan,nan,nan,nan,nan
1714054243.1795225,5605,nan,nan,nan,nan,nan,nan
1714054243.2023778,5606,nan,nan,nan,nan,nan,nan
1714054243.2258987,5607,nan,nan,nan,nan,nan,nan
1714054243.2527397,5608,nan,nan,nan,nan,nan,nan
1714054243.2822888,5609,nan,nan,nan,nan,nan,nan
1714054243.312206,5610,nan,nan,nan,nan,nan,nan
1714054243.3438628,5611,nan,nan,nan,nan,nan,nan
1714054243.3762534,5612,nan,nan,nan,nan,nan,nan
1714054243.3904426,5613,nan,nan,nan,nan,nan,nan
1714054243.3994224,5614,nan,nan,nan,nan,nan,nan
1714054243.4158993,5615,nan,nan,nan,nan,nan,nan
1714054243.4367626,5616,nan,nan,nan,nan,nan,nan
1714054243.4586837,5617,nan,nan,nan,nan,nan,nan
1714054243.4819458,5618,nan,nan,nan,nan,nan,nan
1714054243.5041113,5619,nan,nan,nan,nan,nan,nan
1714054243.5258932,5620,nan,nan,nan,nan,nan,nan
1714054243.5478055,5621,nan,nan,nan,nan,nan,nan
1714054243.5697343,5622,nan,nan,nan,nan,nan,nan
1714054243.5916476,5623,nan,nan,nan,nan,nan,nan
1714054243.6134815,5624,nan,nan,nan,nan,nan,nan
1714054243.6354027,5625,nan,nan,nan,nan,nan,nan
1714054243.657327,5626,nan,nan,nan,nan,nan,nan
1714054243.680172,5627,nan,nan,nan,nan,nan,nan
1714054243.7031305,5628,nan,nan,nan,nan,nan,nan
1714054243.72605,5629,nan,nan,nan,nan,nan,nan
1714054243.7479427,5630,nan,nan,nan,nan,nan,nan
1714054243.7708979,5631,nan,nan,nan,nan,nan,nan
1714054243.792931,5632,nan,nan,nan,nan,nan,nan
1714054243.8140182,5633,nan,nan,nan,nan,nan,nan
1714054243.836046,5634,nan,nan,nan,nan,nan,nan
1714054243.8579664,5635,nan,nan,nan,nan,nan,nan
1714054243.8807693,5636,nan,nan,nan,nan,nan,nan
1714054243.9038239,5637,nan,nan,nan,nan,nan,nan
1714054243.9258287,5638,nan,nan,nan,nan,nan,nan
1714054243.948707,5639,nan,nan,nan,nan,nan,nan
1714054243.9707658,5640,nan,nan,nan,nan,nan,nan
1714054243.9916754,5641,nan,nan,nan,nan,nan,nan
1714054244.0146906,5642,nan,nan,nan,nan,nan,nan
1714054244.0367951,5643,nan,nan,nan,nan,nan,nan
1714054244.0586667,5644,nan,nan,nan,nan,nan,nan
1714054244.0805142,5645,nan,nan,nan,nan,nan,nan
1714054244.1035068,5646,nan,nan,nan,nan,nan,nan
1714054244.1266577,5647,nan,nan,nan,nan,nan,nan
1714054244.1494918,5648,nan,nan,nan,nan,nan,nan
1714054244.1712763,5649,nan,nan,nan,nan,nan,nan
1714054244.194019,5650,nan,nan,nan,nan,nan,nan
1714054244.2167208,5651,nan,nan,nan,nan,nan,nan
1714054244.2385209,5652,nan,nan,nan,nan,nan,nan
1714054244.2602365,5653,nan,nan,nan,nan,nan,nan
1714054244.282113,5654,nan,nan,nan,nan,nan,nan
1714054244.3049226,5655,nan,nan,nan,nan,nan,nan
1714054244.3267722,5656,nan,nan,nan,nan,nan,nan
1714054244.3495674,5657,nan,nan,nan,nan,nan,nan
1714054244.3713021,5658,nan,nan,nan,nan,nan,nan
1714054244.393072,5659,nan,nan,nan,nan,nan,nan
1714054244.4149039,5660,nan,nan,nan,nan,nan,nan
1714054244.4368083,5661,nan,nan,nan,nan,nan,nan
1714054244.4595559,5662,nan,nan,nan,nan,nan,nan
1714054244.4850352,5663,nan,nan,nan,nan,nan,nan
1714054244.5097997,5664,nan,nan,nan,nan,nan,nan
1714054244.5320413,5665,nan,nan,nan,nan,nan,nan
1714054244.5517912,5666,nan,nan,nan,nan,nan,nan
1714054244.5751452,5667,nan,nan,nan,nan,nan,nan
1714054244.5994933,5668,nan,nan,nan,nan,nan,nan
1714054244.6215913,5669,nan,nan,nan,nan,nan,nan
1714054244.6445208,5670,nan,nan,nan,nan,nan,nan
1714054244.667561,5671,nan,nan,nan,nan,nan,nan
1714054244.6895592,5672,nan,nan,nan,nan,nan,nan
1714054244.7117715,5673,nan,nan,nan,nan,nan,nan
1714054244.7593753,5674,nan,nan,nan,nan,nan,nan
1714054244.7797928,5675,nan,nan,nan,nan,nan,nan
1714054244.788827,5676,nan,nan,nan,nan,nan,nan
1714054244.8012035,5677,nan,nan,nan,nan,nan,nan
1714054244.8239517,5678,nan,nan,nan,nan,nan,nan
1714054244.8450708,5679,nan,nan,nan,nan,nan,nan
1714054244.8678758,5680,nan,nan,nan,nan,nan,nan
1714054244.889955,5681,nan,nan,nan,nan,nan,nan
1714054244.9122841,5682,nan,nan,nan,nan,nan,nan
1714054244.9379148,5683,nan,nan,nan,nan,nan,nan
1714054244.9596446,5684,nan,nan,nan,nan,nan,nan
1714054244.981588,5685,nan,nan,nan,nan,nan,nan
1714054245.0045247,5686,nan,nan,nan,nan,nan,nan
1714054245.026479,5687,nan,nan,nan,nan,nan,nan
1714054245.0493062,5688,nan,nan,nan,nan,nan,nan
1714054245.072304,5689,nan,nan,nan,nan,nan,nan
1714054245.0942798,5690,nan,nan,nan,nan,nan,nan
1714054245.1172652,5691,nan,nan,nan,nan,nan,nan
1714054245.139362,5692,nan,nan,nan,nan,nan,nan
1714054245.1629455,5693,nan,nan,nan,nan,nan,nan
1714054245.1930063,5694,nan,nan,nan,nan,nan,nan
1714054245.2094142,5695,nan,nan,nan,nan,nan,nan
1714054245.2271776,5696,nan,nan,nan,nan,nan,nan
1714054245.2496827,5697,nan,nan,nan,nan,nan,nan
1714054245.2712579,5698,nan,nan,nan,nan,nan,nan
1714054245.2926843,5699,nan,nan,nan,nan,nan,nan
1714054245.3164153,5700,nan,nan,nan,nan,nan,nan
1714054245.3386958,5701,nan,nan,nan,nan,nan,nan
1714054245.3614082,5702,nan,nan,nan,nan,nan,nan
1714054245.3825512,5703,nan,nan,nan,nan,nan,nan
1714054245.4060938,5704,nan,nan,nan,nan,nan,nan
1714054245.4296565,5705,nan,nan,nan,nan,nan,nan
1714054245.4789689,5706,nan,nan,nan,nan,nan,nan
1714054245.4956667,5707,nan,nan,nan,nan,nan,nan
1714054245.5045342,5708,nan,nan,nan,nan,nan,nan
1714054245.5222228,5709,nan,nan,nan,nan,nan,nan
1714054245.5470839,5710,nan,nan,nan,nan,nan,nan
1714054245.5658288,5711,nan,nan,nan,nan,nan,nan
1714054245.5886433,5712,nan,nan,nan,nan,nan,nan
1714054245.6102846,5713,nan,nan,nan,nan,nan,nan
1714054245.6322064,5714,nan,nan,nan,nan,nan,nan
1714054245.6551476,5715,nan,nan,nan,nan,nan,nan
1714054245.6771164,5716,nan,nan,nan,nan,nan,nan
1714054245.698995,5717,nan,nan,nan,nan,nan,nan
1714054245.7209566,5718,nan,nan,nan,nan,nan,nan
1714054245.7439098,5719,nan,nan,nan,nan,nan,nan
1714054245.7667248,5720,nan,nan,nan,nan,nan,nan
1714054245.7886393,5721,nan,nan,nan,nan,nan,nan
1714054245.810873,5722,nan,nan,nan,nan,nan,nan
1714054245.8330352,5723,nan,nan,nan,nan,nan,nan
1714054245.8557742,5724,nan,nan,nan,nan,nan,nan
1714054245.8788815,5725,nan,nan,nan,nan,nan,nan
1714054245.901792,5726,nan,nan,nan,nan,nan,nan
1714054245.9230883,5727,nan,nan,nan,nan,nan,nan
1714054245.9451773,5728,nan,nan,nan,nan,nan,nan
1714054245.9678442,5729,nan,nan,nan,nan,nan,nan
1714054245.9898796,5730,nan,nan,nan,nan,nan,nan
1714054246.013924,5731,nan,nan,nan,nan,nan,nan
1714054246.0333042,5732,nan,nan,nan,nan,nan,nan
1714054246.0570872,5733,nan,nan,nan,nan,nan,nan
1714054246.0793777,5734,nan,nan,nan,nan,nan,nan
1714054246.1020076,5735,nan,nan,nan,nan,nan,nan
1714054246.1250694,5736,nan,nan,nan,nan,nan,nan
1714054246.1483133,5737,nan,nan,nan,nan,nan,nan
1714054246.1762588,5738,nan,nan,nan,nan,nan,nan
1714054246.1985059,5739,nan,nan,nan,nan,nan,nan
1714054246.219938,5740,nan,nan,nan,nan,nan,nan
1714054246.2428997,5741,nan,nan,nan,nan,nan,nan
1714054246.2650504,5742,nan,nan,nan,nan,nan,nan
1714054246.2888837,5743,nan,nan,nan,nan,nan,nan
1714054246.3118477,5744,nan,nan,nan,nan,nan,nan
1714054246.3391898,5745,nan,nan,nan,nan,nan,nan
1714054246.3582249,5746,nan,nan,nan,nan,nan,nan
1714054246.3864567,5747,nan,nan,nan,nan,nan,nan
1714054246.4041157,5748,nan,nan,nan,nan,nan,nan
1714054246.4247072,5749,nan,nan,nan,nan,nan,nan
1714054246.4479678,5750,nan,nan,nan,nan,nan,nan
1714054246.470985,5751,nan,nan,nan,nan,nan,nan
1714054246.493366,5752,nan,nan,nan,nan,nan,nan
1714054246.51457,5753,nan,nan,nan,nan,nan,nan
1714054246.537653,5754,nan,nan,nan,nan,nan,nan
1714054246.5594707,5755,nan,nan,nan,nan,nan,nan
1714054246.5814197,5756,nan,nan,nan,nan,nan,nan
1714054246.6042671,5757,nan,nan,nan,nan,nan,nan
1714054246.6276658,5758,nan,nan,nan,nan,nan,nan
1714054246.650483,5759,nan,nan,nan,nan,nan,nan
1714054246.6728203,5760,nan,nan,nan,nan,nan,nan
1714054246.6947541,5761,nan,nan,nan,nan,nan,nan
1714054246.717599,5762,nan,nan,nan,nan,nan,nan
1714054246.740323,5763,nan,nan,nan,nan,nan,nan
1714054246.7622287,5764,nan,nan,nan,nan,nan,nan
1714054246.7834551,5765,nan,nan,nan,nan,nan,nan
1714054246.8067136,5766,nan,nan,nan,nan,nan,nan
1714054246.8282645,5767,nan,nan,nan,nan,nan,nan
1714054246.851637,5768,nan,nan,nan,nan,nan,nan
1714054246.87508,5769,nan,nan,nan,nan,nan,nan
1714054246.8985088,5770,nan,nan,nan,nan,nan,nan
1714054246.9215424,5771,nan,nan,nan,nan,nan,nan
1714054246.942749,5772,nan,nan,nan,nan,nan,nan
1714054246.9651334,5773,nan,nan,nan,nan,nan,nan
1714054246.9905894,5774,nan,nan,nan,nan,nan,nan
1714054247.0109065,5775,nan,nan,nan,nan,nan,nan
1714054247.0333726,5776,nan,nan,nan,nan,nan,nan
1714054247.0541482,5777,nan,nan,nan,nan,nan,nan
1714054247.0768015,5778,nan,nan,nan,nan,nan,nan
1714054247.1020598,5779,nan,nan,nan,nan,nan,nan
1714054247.1240268,5780,nan,nan,nan,nan,nan,nan
1714054247.1480396,5781,nan,nan,nan,nan,nan,nan
1714054247.172505,5782,nan,nan,nan,nan,nan,nan
1714054247.1934679,5783,nan,nan,nan,nan,nan,nan
1714054247.2153475,5784,nan,nan,nan,nan,nan,nan
1714054247.2382395,5785,nan,nan,nan,nan,nan,nan
1714054247.2611399,5786,nan,nan,nan,nan,nan,nan
1714054247.2842832,5787,nan,nan,nan,nan,nan,nan
1714054247.3057244,5788,nan,nan,nan,nan,nan,nan
1714054247.3304775,5789,nan,nan,nan,nan,nan,nan
1714054247.34999,5790,nan,nan,nan,nan,nan,nan
1714054247.3741653,5791,nan,nan,nan,nan,nan,nan
1714054247.3964405,5792,nan,nan,nan,nan,nan,nan
1714054247.4183004,5793,nan,nan,nan,nan,nan,nan
1714054247.4398766,5794,nan,nan,nan,nan,nan,nan
1714054247.4628232,5795,nan,nan,nan,nan,nan,nan
1714054247.4836814,5796,nan,nan,nan,nan,nan,nan
1714054247.5065498,5797,nan,nan,nan,nan,nan,nan
1714054247.5293055,5798,nan,nan,nan,nan,nan,nan
1714054247.5502777,5799,nan,nan,nan,nan,nan,nan
1714054247.5737839,5800,nan,nan,nan,nan,nan,nan
1714054247.5963304,5801,nan,nan,nan,nan,nan,nan
1714054247.6190054,5802,nan,nan,nan,nan,nan,nan
1714054247.6400466,5803,nan,nan,nan,nan,nan,nan
1714054247.6625705,5804,nan,nan,nan,nan,nan,nan
1714054247.6830306,5805,nan,nan,nan,nan,nan,nan
1714054247.7087257,5806,nan,nan,nan,nan,nan,nan
1714054247.731151,5807,nan,nan,nan,nan,nan,nan
1714054247.7679005,5808,nan,nan,nan,nan,nan,nan
1714054247.7867107,5809,nan,nan,nan,nan,nan,nan
1714054247.808192,5810,nan,nan,nan,nan,nan,nan
1714054247.847303,5811,nan,nan,nan,nan,nan,nan
1714054247.8811069,5812,nan,nan,nan,nan,nan,nan
1714054247.9009168,5813,nan,nan,nan,nan,nan,nan
1714054247.9188113,5814,nan,nan,nan,nan,nan,nan
1714054247.931851,5815,nan,nan,nan,nan,nan,nan
1714054247.9410133,5816,nan,nan,nan,nan,nan,nan
1714054247.960807,5817,nan,nan,nan,nan,nan,nan
1714054247.9827096,5818,nan,nan,nan,nan,nan,nan
1714054248.0051403,5819,nan,nan,nan,nan,nan,nan
1714054248.0305135,5820,nan,nan,nan,nan,nan,nan
1714054248.058892,5821,nan,nan,nan,nan,nan,nan
1714054248.0957832,5822,nan,nan,nan,nan,nan,nan
1714054248.1351786,5823,nan,nan,nan,nan,nan,nan
1714054248.1580815,5824,nan,nan,nan,nan,nan,nan
1714054248.1827786,5825,nan,nan,nan,nan,nan,nan
1714054248.2030568,5826,nan,nan,nan,nan,nan,nan
1714054248.2149146,5827,nan,nan,nan,nan,nan,nan
1714054248.2233937,5828,nan,nan,nan,nan,nan,nan
1714054248.2420356,5829,nan,nan,nan,nan,nan,nan
1714054248.263884,5830,nan,nan,nan,nan,nan,nan
1714054248.28584,5831,nan,nan,nan,nan,nan,nan
1714054248.3078258,5832,nan,nan,nan,nan,nan,nan
1714054248.3298564,5833,nan,nan,nan,nan,nan,nan
1714054248.3506863,5834,nan,nan,nan,nan,nan,nan
1714054248.3735414,5835,nan,nan,nan,nan,nan,nan
1714054248.394933,5836,nan,nan,nan,nan,nan,nan
1714054248.4181051,5837,nan,nan,nan,nan,nan,nan
1714054248.4411614,5838,nan,nan,nan,nan,nan,nan
1714054248.4638584,5839,nan,nan,nan,nan,nan,nan
1714054248.484937,5840,nan,nan,nan,nan,nan,nan
1714054248.5082715,5841,nan,nan,nan,nan,nan,nan
1714054248.5333233,5842,nan,nan,nan,nan,nan,nan
1714054248.5551574,5843,nan,nan,nan,nan,nan,nan
1714054248.5866466,5844,nan,nan,nan,nan,nan,nan
1714054248.6062746,5845,nan,nan,nan,nan,nan,nan
1714054248.623411,5846,nan,nan,nan,nan,nan,nan
1714054248.65211,5847,nan,nan,nan,nan,nan,nan
1714054248.6757963,5848,nan,nan,nan,nan,nan,nan
1714054248.7001529,5849,nan,nan,nan,nan,nan,nan
1714054248.7150576,5850,nan,nan,nan,nan,nan,nan
1714054248.7361996,5851,nan,nan,nan,nan,nan,nan
1714054248.7591028,5852,nan,nan,nan,nan,nan,nan
1714054248.781953,5853,nan,nan,nan,nan,nan,nan
1714054248.8048747,5854,nan,nan,nan,nan,nan,nan
1714054248.8268917,5855,nan,nan,nan,nan,nan,nan
1714054248.8489027,5856,nan,nan,nan,nan,nan,nan
1714054248.8718135,5857,nan,nan,nan,nan,nan,nan
1714054248.8937788,5858,nan,nan,nan,nan,nan,nan
1714054248.9168034,5859,nan,nan,nan,nan,nan,nan
1714054248.9399743,5860,nan,nan,nan,nan,nan,nan
1714054248.9615335,5861,nan,nan,nan,nan,nan,nan
1714054248.9853978,5862,nan,nan,nan,nan,nan,nan
1714054249.007242,5863,nan,nan,nan,nan,nan,nan
1714054249.0290256,5864,nan,nan,nan,nan,nan,nan
1714054249.0518744,5865,nan,nan,nan,nan,nan,nan
1714054249.0728157,5866,nan,nan,nan,nan,nan,nan
1714054249.0946238,5867,nan,nan,nan,nan,nan,nan
1714054249.1174722,5868,nan,nan,nan,nan,nan,nan
1714054249.140287,5869,nan,nan,nan,nan,nan,nan
1714054249.1620429,5870,nan,nan,nan,nan,nan,nan
1714054249.1839564,5871,nan,nan,nan,nan,nan,nan
1714054249.2098737,5872,nan,nan,nan,nan,nan,nan
1714054249.2289445,5873,nan,nan,nan,nan,nan,nan
1714054249.2509677,5874,nan,nan,nan,nan,nan,nan
1714054249.274843,5875,nan,nan,nan,nan,nan,nan
1714054249.2962608,5876,nan,nan,nan,nan,nan,nan
1714054249.3196833,5877,nan,nan,nan,nan,nan,nan
1714054249.3420863,5878,nan,nan,nan,nan,nan,nan
1714054249.364818,5879,nan,nan,nan,nan,nan,nan
1714054249.3901668,5880,nan,nan,nan,nan,nan,nan
1714054249.4228272,5881,nan,nan,nan,nan,nan,nan
1714054249.453214,5882,nan,nan,nan,nan,nan,nan
1714054249.4732494,5883,nan,nan,nan,nan,nan,nan
1714054249.4935782,5884,nan,nan,nan,nan,nan,nan
1714054249.5055063,5885,nan,nan,nan,nan,nan,nan
1714054249.5257854,5886,nan,nan,nan,nan,nan,nan
1714054249.5506759,5887,nan,nan,nan,nan,nan,nan
1714054249.574592,5888,nan,nan,nan,nan,nan,nan
1714054249.5965602,5889,nan,nan,nan,nan,nan,nan
1714054249.6187034,5890,nan,nan,nan,nan,nan,nan
1714054249.6420078,5891,nan,nan,nan,nan,nan,nan
1714054249.6635892,5892,nan,nan,nan,nan,nan,nan
1714054249.6850245,5893,nan,nan,nan,nan,nan,nan
1714054249.706472,5894,nan,nan,nan,nan,nan,nan
1714054249.728523,5895,nan,nan,nan,nan,nan,nan
1714054249.7539897,5896,nan,nan,nan,nan,nan,nan
1714054249.7886915,5897,nan,nan,nan,nan,nan,nan
1714054249.8111248,5898,nan,nan,nan,nan,nan,nan
1714054249.8289716,5899,nan,nan,nan,nan,nan,nan
1714054249.8455186,5900,nan,nan,nan,nan,nan,nan
1714054249.8664532,5901,nan,nan,nan,nan,nan,nan
1714054249.8898876,5902,nan,nan,nan,nan,nan,nan
1714054249.9127219,5903,nan,nan,nan,nan,nan,nan
1714054249.9379199,5904,nan,nan,nan,nan,nan,nan
1714054249.970072,5905,nan,nan,nan,nan,nan,nan
1714054249.9903631,5906,nan,nan,nan,nan,nan,nan
1714054250.0014863,5907,nan,nan,nan,nan,nan,nan
1714054250.0234897,5908,nan,nan,nan,nan,nan,nan
1714054250.0464535,5909,nan,nan,nan,nan,nan,nan
1714054250.0677445,5910,nan,nan,nan,nan,nan,nan
1714054250.0903654,5911,nan,nan,nan,nan,nan,nan
1714054250.1122463,5912,nan,nan,nan,nan,nan,nan
1714054250.1494896,5913,nan,nan,nan,nan,nan,nan
1714054250.1612236,5914,nan,nan,nan,nan,nan,nan
1714054250.1805325,5915,nan,nan,nan,nan,nan,nan
1714054250.2031212,5916,nan,nan,nan,nan,nan,nan
1714054250.2247071,5917,nan,nan,nan,nan,nan,nan
1714054250.2525973,5918,nan,nan,nan,nan,nan,nan
1714054250.281101,5919,nan,nan,nan,nan,nan,nan
1714054250.3192036,5920,nan,nan,nan,nan,nan,nan
1714054250.3470821,5921,nan,nan,nan,nan,nan,nan
1714054250.3822377,5922,nan,nan,nan,nan,nan,nan
1714054250.4059248,5923,nan,nan,nan,nan,nan,nan
1714054250.4186122,5924,nan,nan,nan,nan,nan,nan
1714054250.4314969,5925,nan,nan,nan,nan,nan,nan
1714054250.4403343,5926,nan,nan,nan,nan,nan,nan
1714054250.454216,5927,nan,nan,nan,nan,nan,nan
1714054250.4765685,5928,nan,nan,nan,nan,nan,nan
1714054250.5057974,5929,nan,nan,nan,nan,nan,nan
1714054250.5255408,5930,nan,nan,nan,nan,nan,nan
1714054250.5407252,5931,nan,nan,nan,nan,nan,nan
1714054250.5638232,5932,nan,nan,nan,nan,nan,nan
1714054250.586349,5933,nan,nan,nan,nan,nan,nan
1714054250.6081889,5934,nan,nan,nan,nan,nan,nan
1714054250.632546,5935,nan,nan,nan,nan,nan,nan
1714054250.6654053,5936,nan,nan,nan,nan,nan,nan
1714054250.6961198,5937,nan,nan,nan,nan,nan,nan
1714054250.7250445,5938,nan,nan,nan,nan,nan,nan
1714054250.743981,5939,nan,nan,nan,nan,nan,nan
1714054250.7531495,5940,nan,nan,nan,nan,nan,nan
1714054250.7737756,5941,nan,nan,nan,nan,nan,nan
1714054250.7953289,5942,nan,nan,nan,nan,nan,nan
1714054250.8173597,5943,nan,nan,nan,nan,nan,nan
1714054250.8398507,5944,nan,nan,nan,nan,nan,nan
1714054250.8623939,5945,nan,nan,nan,nan,nan,nan
1714054250.8841915,5946,nan,nan,nan,nan,nan,nan
1714054250.9058282,5947,nan,nan,nan,nan,nan,nan
1714054250.9284356,5948,nan,nan,nan,nan,nan,nan
1714054250.9508114,5949,nan,nan,nan,nan,nan,nan
1714054250.973083,5950,nan,nan,nan,nan,nan,nan
1714054250.9955208,5951,nan,nan,nan,nan,nan,nan
1714054251.0173104,5952,nan,nan,nan,nan,nan,nan
1714054251.0411415,5953,nan,nan,nan,nan,nan,nan
1714054251.0654,5954,nan,nan,nan,nan,nan,nan
1714054251.087678,5955,nan,nan,nan,nan,nan,nan
1714054251.1090407,5956,nan,nan,nan,nan,nan,nan
1714054251.131438,5957,nan,nan,nan,nan,nan,nan
1714054251.1523175,5958,nan,nan,nan,nan,nan,nan
1714054251.1753285,5959,nan,nan,nan,nan,nan,nan
1714054251.1974988,5960,nan,nan,nan,nan,nan,nan
1714054251.219845,5961,nan,nan,nan,nan,nan,nan
1714054251.244138,5962,nan,nan,nan,nan,nan,nan
1714054251.2648134,5963,nan,nan,nan,nan,nan,nan
1714054251.2879105,5964,nan,nan,nan,nan,nan,nan
1714054251.3105037,5965,nan,nan,nan,nan,nan,nan
1714054251.3320718,5966,nan,nan,nan,nan,nan,nan
1714054251.3544548,5967,nan,nan,nan,nan,nan,nan
1714054251.374866,5968,nan,nan,nan,nan,nan,nan
1714054251.3971481,5969,nan,nan,nan,nan,nan,nan
1714054251.4224157,5970,nan,nan,nan,nan,nan,nan
1714054251.4441397,5971,nan,nan,nan,nan,nan,nan
1714054251.4668896,5972,nan,nan,nan,nan,nan,nan
1714054251.490078,5973,nan,nan,nan,nan,nan,nan
1714054251.51153,5974,nan,nan,nan,nan,nan,nan
1714054251.5330043,5975,nan,nan,nan,nan,nan,nan
1714054251.5549679,5976,nan,nan,nan,nan,nan,nan
1714054251.5770848,5977,nan,nan,nan,nan,nan,nan
1714054251.5994642,5978,nan,nan,nan,nan,nan,nan
1714054251.6216562,5979,nan,nan,nan,nan,nan,nan
1714054251.6437082,5980,nan,nan,nan,nan,nan,nan
1714054251.6655712,5981,nan,nan,nan,nan,nan,nan
1714054251.687743,5982,nan,nan,nan,nan,nan,nan
1714054251.7088914,5983,nan,nan,nan,nan,nan,nan
1714054251.731885,5984,nan,nan,nan,nan,nan,nan
1714054251.7533405,5985,nan,nan,nan,nan,nan,nan
1714054251.776275,5986,nan,nan,nan,nan,nan,nan
1714054251.7987802,5987,nan,nan,nan,nan,nan,nan
1714054251.820231,5988,nan,nan,nan,nan,nan,nan
1714054251.8414462,5989,nan,nan,nan,nan,nan,nan
1714054251.86406,5990,nan,nan,nan,nan,nan,nan
1714054251.885239,5991,nan,nan,nan,nan,nan,nan
1714054251.9081876,5992,nan,nan,nan,nan,nan,nan
1714054251.9314966,5993,nan,nan,nan,nan,nan,nan
1714054251.9523146,5994,nan,nan,nan,nan,nan,nan
1714054251.9743392,5995,nan,nan,nan,nan,nan,nan
1714054251.9962523,5996,nan,nan,nan,nan,nan,nan
1714054252.0179517,5997,nan,nan,nan,nan,nan,nan
1714054252.0400064,5998,nan,nan,nan,nan,nan,nan
1714054252.0621326,5999,nan,nan,nan,nan,nan,nan
1714054252.0847862,6000,nan,nan,nan,nan,nan,nan
1714054252.1076665,6001,nan,nan,nan,nan,nan,nan
1714054252.1301944,6002,nan,nan,nan,nan,nan,nan
1714054252.1508975,6003,nan,nan,nan,nan,nan,nan
1714054252.1730766,6004,nan,nan,nan,nan,nan,nan
1714054252.1943998,6005,nan,nan,nan,nan,nan,nan
1714054252.2167358,6006,nan,nan,nan,nan,nan,nan
1714054252.2398262,6007,nan,nan,nan,nan,nan,nan
1714054252.2626693,6008,nan,nan,nan,nan,nan,nan
1714054252.2841902,6009,nan,nan,nan,nan,nan,nan
1714054252.3056347,6010,nan,nan,nan,nan,nan,nan
1714054252.3279073,6011,nan,nan,nan,nan,nan,nan
1714054252.3502066,6012,nan,nan,nan,nan,nan,nan
1714054252.37172,6013,nan,nan,nan,nan,nan,nan
1714054252.3939152,6014,nan,nan,nan,nan,nan,nan
1714054252.416946,6015,nan,nan,nan,nan,nan,nan
1714054252.4383905,6016,nan,nan,nan,nan,nan,nan
1714054252.4608605,6017,nan,nan,nan,nan,nan,nan
1714054252.4830968,6018,nan,nan,nan,nan,nan,nan
1714054252.5057359,6019,nan,nan,nan,nan,nan,nan
1714054252.5266163,6020,nan,nan,nan,nan,nan,nan
1714054252.5494099,6021,nan,nan,nan,nan,nan,nan
1714054252.57084,6022,nan,nan,nan,nan,nan,nan
1714054252.593353,6023,nan,nan,nan,nan,nan,nan
1714054252.6151323,6024,nan,nan,nan,nan,nan,nan
1714054252.6372025,6025,nan,nan,nan,nan,nan,nan
1714054252.6584609,6026,nan,nan,nan,nan,nan,nan
1714054252.6818142,6027,nan,nan,nan,nan,nan,nan
1714054252.703418,6028,nan,nan,nan,nan,nan,nan
1714054252.725183,6029,nan,nan,nan,nan,nan,nan
1714054252.7458994,6030,nan,nan,nan,nan,nan,nan
1714054252.7694724,6031,nan,nan,nan,nan,nan,nan
1714054252.7911637,6032,nan,nan,nan,nan,nan,nan
1714054252.813015,6033,nan,nan,nan,nan,nan,nan
1714054252.8352451,6034,nan,nan,nan,nan,nan,nan
1714054252.8571434,6035,nan,nan,nan,nan,nan,nan
1714054252.8796444,6036,nan,nan,nan,nan,nan,nan
1714054252.9022841,6037,nan,nan,nan,nan,nan,nan
1714054252.9248652,6038,nan,nan,nan,nan,nan,nan
1714054252.9489744,6039,nan,nan,nan,nan,nan,nan
1714054252.9667845,6040,nan,nan,nan,nan,nan,nan
1714054252.9888484,6041,nan,nan,nan,nan,nan,nan
1714054253.0106597,6042,nan,nan,nan,nan,nan,nan
1714054253.033348,6043,nan,nan,nan,nan,nan,nan
1714054253.0546265,6044,nan,nan,nan,nan,nan,nan
1714054253.0768998,6045,nan,nan,nan,nan,nan,nan
1714054253.0995188,6046,nan,nan,nan,nan,nan,nan
1714054253.121533,6047,nan,nan,nan,nan,nan,nan
1714054253.143556,6048,nan,nan,nan,nan,nan,nan
1714054253.164517,6049,nan,nan,nan,nan,nan,nan
1714054253.1876895,6050,nan,nan,nan,nan,nan,nan
1714054253.2096076,6051,nan,nan,nan,nan,nan,nan
1714054253.231431,6052,nan,nan,nan,nan,nan,nan
1714054253.2533963,6053,nan,nan,nan,nan,nan,nan
1714054253.274454,6054,nan,nan,nan,nan,nan,nan
1714054253.2965605,6055,nan,nan,nan,nan,nan,nan
1714054253.3197737,6056,nan,nan,nan,nan,nan,nan
1714054253.3429601,6057,nan,nan,nan,nan,nan,nan
1714054253.3658197,6058,nan,nan,nan,nan,nan,nan
1714054253.3869686,6059,nan,nan,nan,nan,nan,nan
1714054253.4099832,6060,nan,nan,nan,nan,nan,nan
1714054253.4322016,6061,nan,nan,nan,nan,nan,nan
1714054253.4552732,6062,nan,nan,nan,nan,nan,nan
1714054253.4768445,6063,nan,nan,nan,nan,nan,nan
1714054253.4993618,6064,nan,nan,nan,nan,nan,nan
1714054253.5211723,6065,nan,nan,nan,nan,nan,nan
1714054253.5433357,6066,nan,nan,nan,nan,nan,nan
1714054253.5652754,6067,nan,nan,nan,nan,nan,nan
1714054253.5864506,6068,nan,nan,nan,nan,nan,nan
1714054253.6095839,6069,nan,nan,nan,nan,nan,nan
1714054253.6310968,6070,nan,nan,nan,nan,nan,nan
1714054253.6544201,6071,nan,nan,nan,nan,nan,nan
1714054253.6786232,6072,nan,nan,nan,nan,nan,nan
1714054253.698474,6073,nan,nan,nan,nan,nan,nan
1714054253.7223065,6074,nan,nan,nan,nan,nan,nan
1714054253.744781,6075,nan,nan,nan,nan,nan,nan
1714054253.7664785,6076,nan,nan,nan,nan,nan,nan
1714054253.789333,6077,nan,nan,nan,nan,nan,nan
1714054253.8127253,6078,nan,nan,nan,nan,nan,nan
1714054253.8337917,6079,nan,nan,nan,nan,nan,nan
1714054253.8568141,6080,nan,nan,nan,nan,nan,nan
1714054253.8796036,6081,nan,nan,nan,nan,nan,nan
1714054253.9006665,6082,nan,nan,nan,nan,nan,nan
1714054253.92247,6083,nan,nan,nan,nan,nan,nan
1714054253.9434795,6084,nan,nan,nan,nan,nan,nan
1714054253.965319,6085,nan,nan,nan,nan,nan,nan
1714054253.9876397,6086,nan,nan,nan,nan,nan,nan
1714054254.009844,6087,nan,nan,nan,nan,nan,nan
1714054254.032196,6088,nan,nan,nan,nan,nan,nan
1714054254.054092,6089,nan,nan,nan,nan,nan,nan
1714054254.0762968,6090,nan,nan,nan,nan,nan,nan
1714054254.0994012,6091,nan,nan,nan,nan,nan,nan
1714054254.1220732,6092,nan,nan,nan,nan,nan,nan
1714054254.1451542,6093,nan,nan,nan,nan,nan,nan
1714054254.169023,6094,nan,nan,nan,nan,nan,nan
1714054254.1921813,6095,nan,nan,nan,nan,nan,nan
1714054254.214085,6096,nan,nan,nan,nan,nan,nan
1714054254.2354996,6097,nan,nan,nan,nan,nan,nan
1714054254.2585864,6098,nan,nan,nan,nan,nan,nan
1714054254.2820091,6099,nan,nan,nan,nan,nan,nan
1714054254.302737,6100,nan,nan,nan,nan,nan,nan
1714054254.3261015,6101,nan,nan,nan,nan,nan,nan
1714054254.347234,6102,nan,nan,nan,nan,nan,nan
1714054254.370645,6103,nan,nan,nan,nan,nan,nan
1714054254.3919027,6104,nan,nan,nan,nan,nan,nan
1714054254.4149396,6105,nan,nan,nan,nan,nan,nan
1714054254.4365685,6106,nan,nan,nan,nan,nan,nan
1714054254.4617743,6107,nan,nan,nan,nan,nan,nan
1714054254.4810386,6108,nan,nan,nan,nan,nan,nan
1714054254.502335,6109,nan,nan,nan,nan,nan,nan
1714054254.5235665,6110,nan,nan,nan,nan,nan,nan
1714054254.5463667,6111,nan,nan,nan,nan,nan,nan
1714054254.570708,6112,nan,nan,nan,nan,nan,nan
1714054254.591323,6113,nan,nan,nan,nan,nan,nan
1714054254.613037,6114,nan,nan,nan,nan,nan,nan
1714054254.6359751,6115,nan,nan,nan,nan,nan,nan
1714054254.6592772,6116,nan,nan,nan,nan,nan,nan
1714054254.6816542,6117,nan,nan,nan,nan,nan,nan
1714054254.703484,6118,nan,nan,nan,nan,nan,nan
1714054254.7270708,6119,nan,nan,nan,nan,nan,nan
1714054254.7526739,6120,nan,nan,nan,nan,nan,nan
1714054254.7914598,6121,nan,nan,nan,nan,nan,nan
1714054254.819173,6122,nan,nan,nan,nan,nan,nan
1714054254.8575017,6123,nan,nan,nan,nan,nan,nan
1714054254.879142,6124,nan,nan,nan,nan,nan,nan
1714054254.902366,6125,nan,nan,nan,nan,nan,nan
1714054254.9117107,6126,nan,nan,nan,nan,nan,nan
1714054254.9218044,6127,nan,nan,nan,nan,nan,nan
1714054254.9321272,6128,nan,nan,nan,nan,nan,nan
1714054254.9543061,6129,nan,nan,nan,nan,nan,nan
1714054254.9767027,6130,nan,nan,nan,nan,nan,nan
1714054254.9989529,6131,nan,nan,nan,nan,nan,nan
1714054255.020986,6132,nan,nan,nan,nan,nan,nan
1714054255.042845,6133,nan,nan,nan,nan,nan,nan
1714054255.0657334,6134,nan,nan,nan,nan,nan,nan
1714054255.0867722,6135,nan,nan,nan,nan,nan,nan
1714054255.109982,6136,nan,nan,nan,nan,nan,nan
1714054255.1311305,6137,nan,nan,nan,nan,nan,nan
1714054255.1541126,6138,nan,nan,nan,nan,nan,nan
1714054255.1753938,6139,nan,nan,nan,nan,nan,nan
1714054255.1973236,6140,nan,nan,nan,nan,nan,nan
1714054255.2193263,6141,nan,nan,nan,nan,nan,nan
1714054255.2413704,6142,nan,nan,nan,nan,nan,nan
1714054255.2625954,6143,nan,nan,nan,nan,nan,nan
1714054255.2855294,6144,nan,nan,nan,nan,nan,nan
1714054255.3077316,6145,nan,nan,nan,nan,nan,nan
1714054255.3290772,6146,nan,nan,nan,nan,nan,nan
1714054255.3518815,6147,nan,nan,nan,nan,nan,nan
1714054255.3738916,6148,nan,nan,nan,nan,nan,nan
1714054255.3983724,6149,nan,nan,nan,nan,nan,nan
1714054255.417626,6150,nan,nan,nan,nan,nan,nan
1714054255.4397724,6151,nan,nan,nan,nan,nan,nan
1714054255.462925,6152,nan,nan,nan,nan,nan,nan
1714054255.4846702,6153,nan,nan,nan,nan,nan,nan
1714054255.5071437,6154,nan,nan,nan,nan,nan,nan
1714054255.5301058,6155,nan,nan,nan,nan,nan,nan
1714054255.5519192,6156,nan,nan,nan,nan,nan,nan
1714054255.574888,6157,nan,nan,nan,nan,nan,nan
1714054255.5972042,6158,nan,nan,nan,nan,nan,nan
1714054255.619474,6159,nan,nan,nan,nan,nan,nan
1714054255.6424427,6160,nan,nan,nan,nan,nan,nan
1714054255.664835,6161,nan,nan,nan,nan,nan,nan
1714054255.6871424,6162,nan,nan,nan,nan,nan,nan
1714054255.709853,6163,nan,nan,nan,nan,nan,nan
1714054255.732949,6164,nan,nan,nan,nan,nan,nan
1714054255.754124,6165,nan,nan,nan,nan,nan,nan
1714054255.7759485,6166,nan,nan,nan,nan,nan,nan
1714054255.799155,6167,nan,nan,nan,nan,nan,nan
1714054255.821475,6168,nan,nan,nan,nan,nan,nan
1714054255.8454332,6169,nan,nan,nan,nan,nan,nan
1714054255.8681803,6170,nan,nan,nan,nan,nan,nan
1714054255.8896496,6171,nan,nan,nan,nan,nan,nan
1714054255.911215,6172,nan,nan,nan,nan,nan,nan
1714054255.9336524,6173,nan,nan,nan,nan,nan,nan
1714054255.9568968,6174,nan,nan,nan,nan,nan,nan
1714054255.9793153,6175,nan,nan,nan,nan,nan,nan
1714054256.0013025,6176,nan,nan,nan,nan,nan,nan
1714054256.0254242,6177,nan,nan,nan,nan,nan,nan
1714054256.0471563,6178,nan,nan,nan,nan,nan,nan
1714054256.0692368,6179,nan,nan,nan,nan,nan,nan
1714054256.0929708,6180,nan,nan,nan,nan,nan,nan
1714054256.1150105,6181,nan,nan,nan,nan,nan,nan
1714054256.1371067,6182,nan,nan,nan,nan,nan,nan
1714054256.160054,6183,nan,nan,nan,nan,nan,nan
1714054256.1865642,6184,nan,nan,nan,nan,nan,nan
1714054256.2041345,6185,nan,nan,nan,nan,nan,nan
1714054256.225607,6186,nan,nan,nan,nan,nan,nan
1714054256.2474825,6187,nan,nan,nan,nan,nan,nan
1714054256.270676,6188,nan,nan,nan,nan,nan,nan
1714054256.303868,6189,nan,nan,nan,nan,nan,nan
1714054256.3375087,6190,nan,nan,nan,nan,nan,nan
1714054256.362151,6191,nan,nan,nan,nan,nan,nan
1714054256.3761473,6192,nan,nan,nan,nan,nan,nan
1714054256.3865325,6193,nan,nan,nan,nan,nan,nan
1714054256.408412,6194,nan,nan,nan,nan,nan,nan
1714054256.433953,6195,nan,nan,nan,nan,nan,nan
1714054256.4729476,6196,nan,nan,nan,nan,nan,nan
1714054256.4896202,6197,nan,nan,nan,nan,nan,nan
1714054256.498086,6198,nan,nan,nan,nan,nan,nan
1714054256.520118,6199,nan,nan,nan,nan,nan,nan
1714054256.5429084,6200,nan,nan,nan,nan,nan,nan
1714054256.564849,6201,nan,nan,nan,nan,nan,nan
1714054256.5895567,6202,nan,nan,nan,nan,nan,nan
1714054256.620726,6203,nan,nan,nan,nan,nan,nan
1714054256.6416607,6204,nan,nan,nan,nan,nan,nan
1714054256.6600118,6205,nan,nan,nan,nan,nan,nan
1714054256.683144,6206,nan,nan,nan,nan,nan,nan
1714054256.719095,6207,nan,nan,nan,nan,nan,nan
1714054256.755113,6208,nan,nan,nan,nan,nan,nan
1714054256.7822533,6209,nan,nan,nan,nan,nan,nan
1714054256.7986243,6210,nan,nan,nan,nan,nan,nan
1714054256.807021,6211,nan,nan,nan,nan,nan,nan
1714054256.823751,6212,nan,nan,nan,nan,nan,nan
1714054256.8459187,6213,nan,nan,nan,nan,nan,nan
1714054256.871915,6214,nan,nan,nan,nan,nan,nan
1714054256.8909788,6215,nan,nan,nan,nan,nan,nan
1714054256.9127657,6216,nan,nan,nan,nan,nan,nan
1714054256.9344473,6217,nan,nan,nan,nan,nan,nan
1714054256.9573627,6218,nan,nan,nan,nan,nan,nan
1714054256.9805696,6219,nan,nan,nan,nan,nan,nan
1714054257.0017745,6220,nan,nan,nan,nan,nan,nan
1714054257.0236828,6221,nan,nan,nan,nan,nan,nan
1714054257.046706,6222,nan,nan,nan,nan,nan,nan
1714054257.0698748,6223,nan,nan,nan,nan,nan,nan
1714054257.0910106,6224,nan,nan,nan,nan,nan,nan
1714054257.1129525,6225,nan,nan,nan,nan,nan,nan
1714054257.1350217,6226,nan,nan,nan,nan,nan,nan
1714054257.1572335,6227,nan,nan,nan,nan,nan,nan
1714054257.177444,6228,nan,nan,nan,nan,nan,nan
1714054257.1995854,6229,nan,nan,nan,nan,nan,nan
1714054257.2222867,6230,nan,nan,nan,nan,nan,nan
1714054257.2435477,6231,nan,nan,nan,nan,nan,nan
1714054257.2654757,6232,nan,nan,nan,nan,nan,nan
1714054257.2878213,6233,nan,nan,nan,nan,nan,nan
1714054257.3092496,6234,nan,nan,nan,nan,nan,nan
1714054257.332333,6235,nan,nan,nan,nan,nan,nan
1714054257.3546152,6236,nan,nan,nan,nan,nan,nan
1714054257.3775513,6237,nan,nan,nan,nan,nan,nan
1714054257.3995204,6238,nan,nan,nan,nan,nan,nan
1714054257.4212663,6239,nan,nan,nan,nan,nan,nan
1714054257.444236,6240,nan,nan,nan,nan,nan,nan
1714054257.4660926,6241,nan,nan,nan,nan,nan,nan
1714054257.4874961,6242,nan,nan,nan,nan,nan,nan
1714054257.5113385,6243,nan,nan,nan,nan,nan,nan
1714054257.537072,6244,nan,nan,nan,nan,nan,nan
1714054257.571253,6245,nan,nan,nan,nan,nan,nan
1714054257.5988069,6246,nan,nan,nan,nan,nan,nan
1714054257.6222908,6247,nan,nan,nan,nan,nan,nan
1714054257.6433802,6248,nan,nan,nan,nan,nan,nan
1714054257.660398,6249,nan,nan,nan,nan,nan,nan
1714054257.6816366,6250,nan,nan,nan,nan,nan,nan
1714054257.7024298,6251,nan,nan,nan,nan,nan,nan
1714054257.7234213,6252,nan,nan,nan,nan,nan,nan
1714054257.743026,6253,nan,nan,nan,nan,nan,nan
1714054257.7667441,6254,nan,nan,nan,nan,nan,nan
1714054257.7899735,6255,nan,nan,nan,nan,nan,nan
1714054257.8113678,6256,nan,nan,nan,nan,nan,nan
1714054257.8333752,6257,nan,nan,nan,nan,nan,nan
1714054257.854287,6258,nan,nan,nan,nan,nan,nan
1714054257.877318,6259,nan,nan,nan,nan,nan,nan
1714054257.9010916,6260,nan,nan,nan,nan,nan,nan
1714054257.9256597,6261,nan,nan,nan,nan,nan,nan
1714054257.9508815,6262,nan,nan,nan,nan,nan,nan
1714054257.9740465,6263,nan,nan,nan,nan,nan,nan
1714054257.9976332,6264,nan,nan,nan,nan,nan,nan
1714054258.0350978,6265,nan,nan,nan,nan,nan,nan
1714054258.070691,6266,nan,nan,nan,nan,nan,nan
1714054258.1038933,6267,nan,nan,nan,nan,nan,nan
1714054258.1349728,6268,nan,nan,nan,nan,nan,nan
1714054258.1664877,6269,nan,nan,nan,nan,nan,nan
1714054258.1823897,6270,nan,nan,nan,nan,nan,nan
1714054258.2066455,6271,nan,nan,nan,nan,nan,nan
1714054258.2280326,6272,nan,nan,nan,nan,nan,nan
1714054258.246844,6273,nan,nan,nan,nan,nan,nan
1714054258.2661746,6274,nan,nan,nan,nan,nan,nan
1714054258.274896,6275,nan,nan,nan,nan,nan,nan
1714054258.2897143,6276,nan,nan,nan,nan,nan,nan
1714054258.3128366,6277,nan,nan,nan,nan,nan,nan
1714054258.336018,6278,nan,nan,nan,nan,nan,nan
1714054258.355687,6279,nan,nan,nan,nan,nan,nan
1714054258.3792114,6280,nan,nan,nan,nan,nan,nan
1714054258.4015489,6281,nan,nan,nan,nan,nan,nan
1714054258.4259973,6282,nan,nan,nan,nan,nan,nan
1714054258.4493906,6283,nan,nan,nan,nan,nan,nan
1714054258.4714608,6284,nan,nan,nan,nan,nan,nan
1714054258.4927726,6285,nan,nan,nan,nan,nan,nan
1714054258.5141706,6286,nan,nan,nan,nan,nan,nan
1714054258.5374727,6287,nan,nan,nan,nan,nan,nan
1714054258.5576382,6288,nan,nan,nan,nan,nan,nan
1714054258.5790522,6289,nan,nan,nan,nan,nan,nan
1714054258.6024754,6290,nan,nan,nan,nan,nan,nan
1714054258.622965,6291,nan,nan,nan,nan,nan,nan
1714054258.6449811,6292,nan,nan,nan,nan,nan,nan
1714054258.6674988,6293,nan,nan,nan,nan,nan,nan
1714054258.6887696,6294,nan,nan,nan,nan,nan,nan
1714054258.714421,6295,nan,nan,nan,nan,nan,nan
1714054258.7352452,6296,nan,nan,nan,nan,nan,nan
1714054258.7570589,6297,nan,nan,nan,nan,nan,nan
1714054258.7808058,6298,nan,nan,nan,nan,nan,nan
1714054258.8010452,6299,nan,nan,nan,nan,nan,nan
1714054258.8224375,6300,nan,nan,nan,nan,nan,nan
1714054258.8459163,6301,nan,nan,nan,nan,nan,nan
1714054258.8677166,6302,nan,nan,nan,nan,nan,nan
1714054258.889277,6303,nan,nan,nan,nan,nan,nan
1714054258.9119945,6304,nan,nan,nan,nan,nan,nan
1714054258.934272,6305,nan,nan,nan,nan,nan,nan
1714054258.9555926,6306,nan,nan,nan,nan,nan,nan
1714054258.977964,6307,nan,nan,nan,nan,nan,nan
1714054259.001209,6308,nan,nan,nan,nan,nan,nan
1714054259.024343,6309,nan,nan,nan,nan,nan,nan
1714054259.04747,6310,nan,nan,nan,nan,nan,nan
1714054259.069767,6311,nan,nan,nan,nan,nan,nan
1714054259.0928032,6312,nan,nan,nan,nan,nan,nan
1714054259.113747,6313,nan,nan,nan,nan,nan,nan
1714054259.1359792,6314,nan,nan,nan,nan,nan,nan
1714054259.157128,6315,nan,nan,nan,nan,nan,nan
1714054259.1801984,6316,nan,nan,nan,nan,nan,nan
1714054259.2012177,6317,nan,nan,nan,nan,nan,nan
1714054259.2228217,6318,nan,nan,nan,nan,nan,nan
1714054259.245669,6319,nan,nan,nan,nan,nan,nan
1714054259.2669919,6320,nan,nan,nan,nan,nan,nan
1714054259.2890618,6321,nan,nan,nan,nan,nan,nan
1714054259.3117368,6322,nan,nan,nan,nan,nan,nan
1714054259.3340325,6323,nan,nan,nan,nan,nan,nan
1714054259.3557775,6324,nan,nan,nan,nan,nan,nan
1714054259.3776295,6325,nan,nan,nan,nan,nan,nan
1714054259.3988955,6326,nan,nan,nan,nan,nan,nan
1714054259.4212606,6327,nan,nan,nan,nan,nan,nan
1714054259.4439123,6328,nan,nan,nan,nan,nan,nan
1714054259.4664173,6329,nan,nan,nan,nan,nan,nan
1714054259.4889765,6330,nan,nan,nan,nan,nan,nan
1714054259.5114992,6331,nan,nan,nan,nan,nan,nan
1714054259.5350354,6332,nan,nan,nan,nan,nan,nan
1714054259.5558457,6333,nan,nan,nan,nan,nan,nan
1714054259.5775826,6334,nan,nan,nan,nan,nan,nan
1714054259.5994742,6335,nan,nan,nan,nan,nan,nan
1714054259.62209,6336,nan,nan,nan,nan,nan,nan
1714054259.6444285,6337,nan,nan,nan,nan,nan,nan
1714054259.6666539,6338,nan,nan,nan,nan,nan,nan
1714054259.689777,6339,nan,nan,nan,nan,nan,nan
1714054259.7115185,6340,nan,nan,nan,nan,nan,nan
1714054259.7333255,6341,nan,nan,nan,nan,nan,nan
1714054259.7557826,6342,nan,nan,nan,nan,nan,nan
1714054259.7792754,6343,nan,nan,nan,nan,nan,nan
1714054259.800456,6344,nan,nan,nan,nan,nan,nan
1714054259.8219562,6345,nan,nan,nan,nan,nan,nan
1714054259.8450496,6346,nan,nan,nan,nan,nan,nan
1714054259.8681917,6347,nan,nan,nan,nan,nan,nan
1714054259.899468,6348,nan,nan,nan,nan,nan,nan
1714054259.933971,6349,nan,nan,nan,nan,nan,nan
1714054259.9819453,6350,nan,nan,nan,nan,nan,nan
1714054259.9933589,6351,nan,nan,nan,nan,nan,nan
1714054260.0059514,6352,nan,nan,nan,nan,nan,nan
1714054260.026185,6353,nan,nan,nan,nan,nan,nan
1714054260.047879,6354,nan,nan,nan,nan,nan,nan
1714054260.0743506,6355,nan,nan,nan,nan,nan,nan
1714054260.1003063,6356,nan,nan,nan,nan,nan,nan
1714054260.1235845,6357,nan,nan,nan,nan,nan,nan
1714054260.1450732,6358,nan,nan,nan,nan,nan,nan
1714054260.168032,6359,nan,nan,nan,nan,nan,nan
1714054260.194354,6360,nan,nan,nan,nan,nan,nan
1714054260.2165425,6361,nan,nan,nan,nan,nan,nan
1714054260.2389596,6362,nan,nan,nan,nan,nan,nan
1714054260.261291,6363,nan,nan,nan,nan,nan,nan
1714054260.2841718,6364,nan,nan,nan,nan,nan,nan
1714054260.3058188,6365,nan,nan,nan,nan,nan,nan
1714054260.3277726,6366,nan,nan,nan,nan,nan,nan
1714054260.3519442,6367,nan,nan,nan,nan,nan,nan
1714054260.374816,6368,nan,nan,nan,nan,nan,nan
1714054260.3961818,6369,nan,nan,nan,nan,nan,nan
1714054260.4182673,6370,nan,nan,nan,nan,nan,nan
1714054260.4391968,6371,nan,nan,nan,nan,nan,nan
1714054260.4621663,6372,nan,nan,nan,nan,nan,nan
1714054260.4864683,6373,nan,nan,nan,nan,nan,nan
1714054260.508558,6374,nan,nan,nan,nan,nan,nan
1714054260.531379,6375,nan,nan,nan,nan,nan,nan
1714054260.5544646,6376,nan,nan,nan,nan,nan,nan
1714054260.5768075,6377,nan,nan,nan,nan,nan,nan
1714054260.5992637,6378,nan,nan,nan,nan,nan,nan
1714054260.6210997,6379,nan,nan,nan,nan,nan,nan
1714054260.6429722,6380,nan,nan,nan,nan,nan,nan
1714054260.663755,6381,nan,nan,nan,nan,nan,nan
1714054260.6865582,6382,nan,nan,nan,nan,nan,nan
1714054260.7089171,6383,nan,nan,nan,nan,nan,nan
1714054260.732389,6384,nan,nan,nan,nan,nan,nan
1714054260.7544136,6385,nan,nan,nan,nan,nan,nan
1714054260.7761033,6386,nan,nan,nan,nan,nan,nan
1714054260.802714,6387,nan,nan,nan,nan,nan,nan
1714054260.825378,6388,nan,nan,nan,nan,nan,nan
1714054260.8610885,6389,nan,nan,nan,nan,nan,nan
1714054260.8934739,6390,nan,nan,nan,nan,nan,nan
1714054260.925243,6391,nan,nan,nan,nan,nan,nan
1714054260.9513721,6392,nan,nan,nan,nan,nan,nan
1714054260.9673142,6393,nan,nan,nan,nan,nan,nan
1714054260.9760182,6394,nan,nan,nan,nan,nan,nan
1714054260.9857626,6395,nan,nan,nan,nan,nan,nan
1714054261.00753,6396,nan,nan,nan,nan,nan,nan
1714054261.0301518,6397,nan,nan,nan,nan,nan,nan
1714054261.0534132,6398,nan,nan,nan,nan,nan,nan
1714054261.0890107,6399,nan,nan,nan,nan,nan,nan
1714054261.105693,6400,nan,nan,nan,nan,nan,nan
1714054261.11962,6401,nan,nan,nan,nan,nan,nan
1714054261.1405487,6402,nan,nan,nan,nan,nan,nan
1714054261.1627462,6403,nan,nan,nan,nan,nan,nan
1714054261.187879,6404,nan,nan,nan,nan,nan,nan
1714054261.2096577,6405,nan,nan,nan,nan,nan,nan
1714054261.2325075,6406,nan,nan,nan,nan,nan,nan
1714054261.2565863,6407,nan,nan,nan,nan,nan,nan
1714054261.277458,6408,nan,nan,nan,nan,nan,nan
1714054261.3000684,6409,nan,nan,nan,nan,nan,nan
1714054261.3228784,6410,nan,nan,nan,nan,nan,nan
1714054261.3465295,6411,nan,nan,nan,nan,nan,nan
1714054261.368619,6412,nan,nan,nan,nan,nan,nan
1714054261.388957,6413,nan,nan,nan,nan,nan,nan
1714054261.4120607,6414,nan,nan,nan,nan,nan,nan
1714054261.4354448,6415,nan,nan,nan,nan,nan,nan
1714054261.4583194,6416,nan,nan,nan,nan,nan,nan
1714054261.4810855,6417,nan,nan,nan,nan,nan,nan
1714054261.5109818,6418,nan,nan,nan,nan,nan,nan
1714054261.5366046,6419,nan,nan,nan,nan,nan,nan
1714054261.5630982,6420,nan,nan,nan,nan,nan,nan
1714054261.608532,6421,nan,nan,nan,nan,nan,nan
1714054261.638792,6422,nan,nan,nan,nan,nan,nan
1714054261.673335,6423,nan,nan,nan,nan,nan,nan
1714054261.7012146,6424,nan,nan,nan,nan,nan,nan
1714054261.723631,6425,nan,nan,nan,nan,nan,nan
1714054261.7318969,6426,nan,nan,nan,nan,nan,nan
1714054261.7406814,6427,nan,nan,nan,nan,nan,nan
1714054261.7553813,6428,nan,nan,nan,nan,nan,nan
1714054261.7778223,6429,nan,nan,nan,nan,nan,nan
1714054261.7998888,6430,nan,nan,nan,nan,nan,nan
1714054261.8239856,6431,nan,nan,nan,nan,nan,nan
1714054261.8469722,6432,nan,nan,nan,nan,nan,nan
1714054261.869269,6433,nan,nan,nan,nan,nan,nan
1714054261.8902853,6434,nan,nan,nan,nan,nan,nan
1714054261.913155,6435,nan,nan,nan,nan,nan,nan
1714054261.9360676,6436,nan,nan,nan,nan,nan,nan
1714054261.9581268,6437,nan,nan,nan,nan,nan,nan
1714054261.9801927,6438,nan,nan,nan,nan,nan,nan
1714054262.002746,6439,nan,nan,nan,nan,nan,nan
1714054262.027117,6440,nan,nan,nan,nan,nan,nan
1714054262.0548747,6441,nan,nan,nan,nan,nan,nan
1714054262.0720825,6442,nan,nan,nan,nan,nan,nan
1714054262.0943725,6443,nan,nan,nan,nan,nan,nan
1714054262.1176114,6444,nan,nan,nan,nan,nan,nan
1714054262.1422403,6445,nan,nan,nan,nan,nan,nan
1714054262.1651144,6446,nan,nan,nan,nan,nan,nan
1714054262.1869786,6447,nan,nan,nan,nan,nan,nan
1714054262.2097378,6448,nan,nan,nan,nan,nan,nan
1714054262.232584,6449,nan,nan,nan,nan,nan,nan
1714054262.254672,6450,nan,nan,nan,nan,nan,nan
1714054262.277993,6451,nan,nan,nan,nan,nan,nan
1714054262.2995806,6452,nan,nan,nan,nan,nan,nan
1714054262.3230472,6453,nan,nan,nan,nan,nan,nan
1714054262.3463984,6454,nan,nan,nan,nan,nan,nan
1714054262.3674436,6455,nan,nan,nan,nan,nan,nan
1714054262.3894284,6456,nan,nan,nan,nan,nan,nan
1714054262.4113543,6457,nan,nan,nan,nan,nan,nan
1714054262.4325464,6458,nan,nan,nan,nan,nan,nan
1714054262.4544623,6459,nan,nan,nan,nan,nan,nan
1714054262.476227,6460,nan,nan,nan,nan,nan,nan
1714054262.4979885,6461,nan,nan,nan,nan,nan,nan
1714054262.5198624,6462,nan,nan,nan,nan,nan,nan
1714054262.5416691,6463,nan,nan,nan,nan,nan,nan
1714054262.5644774,6464,nan,nan,nan,nan,nan,nan
1714054262.5872495,6465,nan,nan,nan,nan,nan,nan
1714054262.6100385,6466,nan,nan,nan,nan,nan,nan
1714054262.6318483,6467,nan,nan,nan,nan,nan,nan
1714054262.653784,6468,nan,nan,nan,nan,nan,nan
1714054262.6767478,6469,nan,nan,nan,nan,nan,nan
1714054262.698844,6470,nan,nan,nan,nan,nan,nan
1714054262.720919,6471,nan,nan,nan,nan,nan,nan
1714054262.742993,6472,nan,nan,nan,nan,nan,nan
1714054262.764967,6473,nan,nan,nan,nan,nan,nan
1714054262.7873216,6474,nan,nan,nan,nan,nan,nan
1714054262.810574,6475,nan,nan,nan,nan,nan,nan
1714054262.8323057,6476,nan,nan,nan,nan,nan,nan
1714054262.8541253,6477,nan,nan,nan,nan,nan,nan
1714054262.8770988,6478,nan,nan,nan,nan,nan,nan
1714054262.9016821,6479,nan,nan,nan,nan,nan,nan
1714054262.9252036,6480,nan,nan,nan,nan,nan,nan
1714054262.9594362,6481,nan,nan,nan,nan,nan,nan
1714054262.9885828,6482,nan,nan,nan,nan,nan,nan
1714054263.002615,6483,nan,nan,nan,nan,nan,nan
1714054263.0261953,6484,nan,nan,nan,nan,nan,nan
1714054263.0372539,6485,nan,nan,nan,nan,nan,nan
1714054263.0594575,6486,nan,nan,nan,nan,nan,nan
1714054263.0807083,6487,nan,nan,nan,nan,nan,nan
1714054263.110801,6488,nan,nan,nan,nan,nan,nan
1714054263.136693,6489,nan,nan,nan,nan,nan,nan
1714054263.1747677,6490,nan,nan,nan,nan,nan,nan
1714054263.2205775,6491,nan,nan,nan,nan,nan,nan
1714054263.2547903,6492,nan,nan,nan,nan,nan,nan
1714054263.2851791,6493,nan,nan,nan,nan,nan,nan
1714054263.3108616,6494,nan,nan,nan,nan,nan,nan
1714054263.3223085,6495,nan,nan,nan,nan,nan,nan
1714054263.3320568,6496,nan,nan,nan,nan,nan,nan
1714054263.3413444,6497,nan,nan,nan,nan,nan,nan
1714054263.361193,6498,nan,nan,nan,nan,nan,nan
1714054263.383182,6499,nan,nan,nan,nan,nan,nan
1714054263.4065583,6500,nan,nan,nan,nan,nan,nan
1714054263.4319773,6501,nan,nan,nan,nan,nan,nan
1714054263.4575102,6502,nan,nan,nan,nan,nan,nan
1714054263.4750135,6503,nan,nan,nan,nan,nan,nan
1714054263.4977736,6504,nan,nan,nan,nan,nan,nan
1714054263.5197954,6505,nan,nan,nan,nan,nan,nan
1714054263.5425627,6506,nan,nan,nan,nan,nan,nan
1714054263.5643775,6507,nan,nan,nan,nan,nan,nan
1714054263.586424,6508,nan,nan,nan,nan,nan,nan
1714054263.6095493,6509,nan,nan,nan,nan,nan,nan
1714054263.6320345,6510,nan,nan,nan,nan,nan,nan
1714054263.6551147,6511,nan,nan,nan,nan,nan,nan
1714054263.6767497,6512,nan,nan,nan,nan,nan,nan
1714054263.7013488,6513,nan,nan,nan,nan,nan,nan
1714054263.7327302,6514,nan,nan,nan,nan,nan,nan
1714054263.7580068,6515,nan,nan,nan,nan,nan,nan
1714054263.7713373,6516,nan,nan,nan,nan,nan,nan
1714054263.794608,6517,nan,nan,nan,nan,nan,nan
1714054263.8296263,6518,nan,nan,nan,nan,nan,nan
1714054263.8666074,6519,nan,nan,nan,nan,nan,nan
1714054263.8827677,6520,nan,nan,nan,nan,nan,nan
1714054263.8971753,6521,nan,nan,nan,nan,nan,nan
1714054263.9224887,6522,nan,nan,nan,nan,nan,nan
1714054263.9310248,6523,nan,nan,nan,nan,nan,nan
1714054263.9509299,6524,nan,nan,nan,nan,nan,nan
1714054263.974517,6525,nan,nan,nan,nan,nan,nan
1714054263.9974065,6526,nan,nan,nan,nan,nan,nan
1714054264.0188951,6527,nan,nan,nan,nan,nan,nan
1714054264.0461838,6528,nan,nan,nan,nan,nan,nan
1714054264.063413,6529,nan,nan,nan,nan,nan,nan
1714054264.0862248,6530,nan,nan,nan,nan,nan,nan
1714054264.1080315,6531,nan,nan,nan,nan,nan,nan
1714054264.1300306,6532,nan,nan,nan,nan,nan,nan
1714054264.1518357,6533,nan,nan,nan,nan,nan,nan
1714054264.1753297,6534,nan,nan,nan,nan,nan,nan
1714054264.196255,6535,nan,nan,nan,nan,nan,nan
1714054264.2181852,6536,nan,nan,nan,nan,nan,nan
1714054264.2401478,6537,nan,nan,nan,nan,nan,nan
1714054264.2632704,6538,nan,nan,nan,nan,nan,nan
1714054264.286297,6539,nan,nan,nan,nan,nan,nan
1714054264.308603,6540,nan,nan,nan,nan,nan,nan
1714054264.329502,6541,nan,nan,nan,nan,nan,nan
1714054264.3523505,6542,nan,nan,nan,nan,nan,nan
1714054264.3744726,6543,nan,nan,nan,nan,nan,nan
1714054264.3960264,6544,nan,nan,nan,nan,nan,nan
1714054264.418538,6545,nan,nan,nan,nan,nan,nan
1714054264.441769,6546,nan,nan,nan,nan,nan,nan
1714054264.4639168,6547,nan,nan,nan,nan,nan,nan
1714054264.4856114,6548,nan,nan,nan,nan,nan,nan
1714054264.507467,6549,nan,nan,nan,nan,nan,nan
1714054264.530531,6550,nan,nan,nan,nan,nan,nan
1714054264.5537324,6551,nan,nan,nan,nan,nan,nan
1714054264.5748403,6552,nan,nan,nan,nan,nan,nan
1714054264.5976949,6553,nan,nan,nan,nan,nan,nan
1714054264.619595,6554,nan,nan,nan,nan,nan,nan
1714054264.6434307,6555,nan,nan,nan,nan,nan,nan
1714054264.6654446,6556,nan,nan,nan,nan,nan,nan
1714054264.6873796,6557,nan,nan,nan,nan,nan,nan
1714054264.7083397,6558,nan,nan,nan,nan,nan,nan
1714054264.7301712,6559,nan,nan,nan,nan,nan,nan
1714054264.7530293,6560,nan,nan,nan,nan,nan,nan
1714054264.7753541,6561,nan,nan,nan,nan,nan,nan
1714054264.7983136,6562,nan,nan,nan,nan,nan,nan
1714054264.8207114,6563,nan,nan,nan,nan,nan,nan
1714054264.8427513,6564,nan,nan,nan,nan,nan,nan
1714054264.8649495,6565,nan,nan,nan,nan,nan,nan
1714054264.8885815,6566,nan,nan,nan,nan,nan,nan
1714054264.9117339,6567,nan,nan,nan,nan,nan,nan
1714054264.933484,6568,nan,nan,nan,nan,nan,nan
1714054264.955515,6569,nan,nan,nan,nan,nan,nan
1714054264.977835,6570,nan,nan,nan,nan,nan,nan
1714054265.0018795,6571,nan,nan,nan,nan,nan,nan
1714054265.0234926,6572,nan,nan,nan,nan,nan,nan
1714054265.046836,6573,nan,nan,nan,nan,nan,nan
1714054265.073991,6574,nan,nan,nan,nan,nan,nan
1714054265.1027553,6575,nan,nan,nan,nan,nan,nan
1714054265.1175227,6576,nan,nan,nan,nan,nan,nan
1714054265.1371717,6577,nan,nan,nan,nan,nan,nan
1714054265.1598647,6578,nan,nan,nan,nan,nan,nan
1714054265.1816983,6579,nan,nan,nan,nan,nan,nan
1714054265.2048628,6580,nan,nan,nan,nan,nan,nan
1714054265.2300146,6581,nan,nan,nan,nan,nan,nan
1714054265.267099,6582,nan,nan,nan,nan,nan,nan
1714054265.31487,6583,nan,nan,nan,nan,nan,nan
1714054265.3363574,6584,nan,nan,nan,nan,nan,nan
1714054265.3506815,6585,nan,nan,nan,nan,nan,nan
1714054265.3595243,6586,nan,nan,nan,nan,nan,nan
1714054265.3686972,6587,nan,nan,nan,nan,nan,nan
1714054265.3869245,6588,nan,nan,nan,nan,nan,nan
1714054265.4088666,6589,nan,nan,nan,nan,nan,nan
1714054265.4317842,6590,nan,nan,nan,nan,nan,nan
1714054265.4531925,6591,nan,nan,nan,nan,nan,nan
1714054265.4884455,6592,nan,nan,nan,nan,nan,nan
1714054265.5035615,6593,nan,nan,nan,nan,nan,nan
1714054265.5223184,6594,nan,nan,nan,nan,nan,nan
1714054265.5452986,6595,nan,nan,nan,nan,nan,nan
1714054265.5667892,6596,nan,nan,nan,nan,nan,nan
1714054265.5897079,6597,nan,nan,nan,nan,nan,nan
1714054265.6118493,6598,nan,nan,nan,nan,nan,nan
1714054265.633843,6599,nan,nan,nan,nan,nan,nan
1714054265.6561818,6600,nan,nan,nan,nan,nan,nan
1714054265.6783762,6601,nan,nan,nan,nan,nan,nan
1714054265.7016418,6602,nan,nan,nan,nan,nan,nan
1714054265.7225947,6603,nan,nan,nan,nan,nan,nan
1714054265.7456002,6604,nan,nan,nan,nan,nan,nan
1714054265.7674167,6605,nan,nan,nan,nan,nan,nan
1714054265.7902477,6606,nan,nan,nan,nan,nan,nan
1714054265.812233,6607,nan,nan,nan,nan,nan,nan
1714054265.8351898,6608,nan,nan,nan,nan,nan,nan
1714054265.8566935,6609,nan,nan,nan,nan,nan,nan
1714054265.8883815,6610,nan,nan,nan,nan,nan,nan
1714054265.920751,6611,nan,nan,nan,nan,nan,nan
1714054265.9546916,6612,nan,nan,nan,nan,nan,nan
1714054265.995567,6613,nan,nan,nan,nan,nan,nan
1714054266.020482,6614,nan,nan,nan,nan,nan,nan
1714054266.0330896,6615,nan,nan,nan,nan,nan,nan
1714054266.0429885,6616,nan,nan,nan,nan,nan,nan
1714054266.063866,6617,nan,nan,nan,nan,nan,nan
1714054266.086757,6618,nan,nan,nan,nan,nan,nan
1714054266.1087286,6619,nan,nan,nan,nan,nan,nan
1714054266.1340625,6620,nan,nan,nan,nan,nan,nan
1714054266.1578932,6621,nan,nan,nan,nan,nan,nan
1714054266.1792822,6622,nan,nan,nan,nan,nan,nan
1714054266.2015457,6623,nan,nan,nan,nan,nan,nan
1714054266.223734,6624,nan,nan,nan,nan,nan,nan
1714054266.2457533,6625,nan,nan,nan,nan,nan,nan
1714054266.2679086,6626,nan,nan,nan,nan,nan,nan
1714054266.291647,6627,nan,nan,nan,nan,nan,nan
1714054266.314343,6628,nan,nan,nan,nan,nan,nan
1714054266.335212,6629,nan,nan,nan,nan,nan,nan
1714054266.3670957,6630,nan,nan,nan,nan,nan,nan
1714054266.392911,6631,nan,nan,nan,nan,nan,nan
1714054266.4031293,6632,nan,nan,nan,nan,nan,nan
1714054266.4255693,6633,nan,nan,nan,nan,nan,nan
1714054266.4482653,6634,nan,nan,nan,nan,nan,nan
1714054266.4700668,6635,nan,nan,nan,nan,nan,nan
1714054266.4936738,6636,nan,nan,nan,nan,nan,nan
1714054266.514806,6637,nan,nan,nan,nan,nan,nan
1714054266.5358443,6638,nan,nan,nan,nan,nan,nan
1714054266.5586877,6639,nan,nan,nan,nan,nan,nan
1714054266.582083,6640,nan,nan,nan,nan,nan,nan
1714054266.6023095,6641,nan,nan,nan,nan,nan,nan
1714054266.6244326,6642,nan,nan,nan,nan,nan,nan
1714054266.6486464,6643,nan,nan,nan,nan,nan,nan
1714054266.6707685,6644,nan,nan,nan,nan,nan,nan
1714054266.6926777,6645,nan,nan,nan,nan,nan,nan
1714054266.7145069,6646,nan,nan,nan,nan,nan,nan
1714054266.7372966,6647,nan,nan,nan,nan,nan,nan
1714054266.7591293,6648,nan,nan,nan,nan,nan,nan
1714054266.7820513,6649,nan,nan,nan,nan,nan,nan
1714054266.8050005,6650,nan,nan,nan,nan,nan,nan
1714054266.8279383,6651,nan,nan,nan,nan,nan,nan
1714054266.8498397,6652,nan,nan,nan,nan,nan,nan
1714054266.8727832,6653,nan,nan,nan,nan,nan,nan
1714054266.8941092,6654,nan,nan,nan,nan,nan,nan
1714054266.9167275,6655,nan,nan,nan,nan,nan,nan
1714054266.9386992,6656,nan,nan,nan,nan,nan,nan
1714054266.9605563,6657,nan,nan,nan,nan,nan,nan
1714054266.9817507,6658,nan,nan,nan,nan,nan,nan
1714054267.003603,6659,nan,nan,nan,nan,nan,nan
1714054267.025458,6660,nan,nan,nan,nan,nan,nan
1714054267.0472713,6661,nan,nan,nan,nan,nan,nan
1714054267.0710635,6662,nan,nan,nan,nan,nan,nan
1714054267.0919495,6663,nan,nan,nan,nan,nan,nan
1714054267.1147795,6664,nan,nan,nan,nan,nan,nan
1714054267.1376648,6665,nan,nan,nan,nan,nan,nan
1714054267.1601493,6666,nan,nan,nan,nan,nan,nan
1714054267.188053,6667,nan,nan,nan,nan,nan,nan
1714054267.210043,6668,nan,nan,nan,nan,nan,nan
1714054267.2313025,6669,nan,nan,nan,nan,nan,nan
1714054267.2541087,6670,nan,nan,nan,nan,nan,nan
1714054267.2761555,6671,nan,nan,nan,nan,nan,nan
1714054267.2981908,6672,nan,nan,nan,nan,nan,nan
1714054267.3200133,6673,nan,nan,nan,nan,nan,nan
1714054267.3428779,6674,nan,nan,nan,nan,nan,nan
1714054267.3666089,6675,nan,nan,nan,nan,nan,nan
1714054267.3890073,6676,nan,nan,nan,nan,nan,nan
1714054267.412992,6677,nan,nan,nan,nan,nan,nan
1714054267.4350128,6678,nan,nan,nan,nan,nan,nan
1714054267.4568353,6679,nan,nan,nan,nan,nan,nan
1714054267.4786386,6680,nan,nan,nan,nan,nan,nan
1714054267.5004604,6681,nan,nan,nan,nan,nan,nan
1714054267.5238101,6682,nan,nan,nan,nan,nan,nan
1714054267.5473661,6683,nan,nan,nan,nan,nan,nan
1714054267.5693667,6684,nan,nan,nan,nan,nan,nan
1714054267.5935843,6685,nan,nan,nan,nan,nan,nan
1714054267.6129506,6686,nan,nan,nan,nan,nan,nan
1714054267.6362906,6687,nan,nan,nan,nan,nan,nan
1714054267.6600745,6688,nan,nan,nan,nan,nan,nan
1714054267.6810055,6689,nan,nan,nan,nan,nan,nan
1714054267.7037833,6690,nan,nan,nan,nan,nan,nan
1714054267.7265756,6691,nan,nan,nan,nan,nan,nan
1714054267.7495356,6692,nan,nan,nan,nan,nan,nan
1714054267.7708337,6693,nan,nan,nan,nan,nan,nan
1714054267.794145,6694,nan,nan,nan,nan,nan,nan
1714054267.81905,6695,nan,nan,nan,nan,nan,nan
1714054267.8380404,6696,nan,nan,nan,nan,nan,nan
1714054267.860586,6697,nan,nan,nan,nan,nan,nan
1714054267.882402,6698,nan,nan,nan,nan,nan,nan
1714054267.9034333,6699,nan,nan,nan,nan,nan,nan
1714054267.9273427,6700,nan,nan,nan,nan,nan,nan
1714054267.9503882,6701,nan,nan,nan,nan,nan,nan
1714054267.9722745,6702,nan,nan,nan,nan,nan,nan
1714054267.9942417,6703,nan,nan,nan,nan,nan,nan
1714054268.0164428,6704,nan,nan,nan,nan,nan,nan
1714054268.0396147,6705,nan,nan,nan,nan,nan,nan
1714054268.061735,6706,nan,nan,nan,nan,nan,nan
1714054268.0842788,6707,nan,nan,nan,nan,nan,nan
1714054268.107962,6708,nan,nan,nan,nan,nan,nan
1714054268.1299417,6709,nan,nan,nan,nan,nan,nan
1714054268.1530957,6710,nan,nan,nan,nan,nan,nan
1714054268.1753414,6711,nan,nan,nan,nan,nan,nan
1714054268.1974282,6712,nan,nan,nan,nan,nan,nan
1714054268.2196145,6713,nan,nan,nan,nan,nan,nan
1714054268.2567856,6714,nan,nan,nan,nan,nan,nan
1714054268.2859538,6715,nan,nan,nan,nan,nan,nan
1714054268.2949212,6716,nan,nan,nan,nan,nan,nan
1714054268.3100147,6717,nan,nan,nan,nan,nan,nan
1714054268.3327465,6718,nan,nan,nan,nan,nan,nan
1714054268.3537104,6719,nan,nan,nan,nan,nan,nan
1714054268.3771496,6720,nan,nan,nan,nan,nan,nan
1714054268.3988166,6721,nan,nan,nan,nan,nan,nan
1714054268.4223068,6722,nan,nan,nan,nan,nan,nan
1714054268.4472136,6723,nan,nan,nan,nan,nan,nan
1714054268.469802,6724,nan,nan,nan,nan,nan,nan
1714054268.4912705,6725,nan,nan,nan,nan,nan,nan
1714054268.5140226,6726,nan,nan,nan,nan,nan,nan
1714054268.5363076,6727,nan,nan,nan,nan,nan,nan
1714054268.558545,6728,nan,nan,nan,nan,nan,nan
1714054268.5967631,6729,nan,nan,nan,nan,nan,nan
1714054268.6410403,6730,nan,nan,nan,nan,nan,nan
1714054268.6873605,6731,nan,nan,nan,nan,nan,nan
1714054268.7218356,6732,nan,nan,nan,nan,nan,nan
1714054268.744735,6733,nan,nan,nan,nan,nan,nan
1714054268.763416,6734,nan,nan,nan,nan,nan,nan
1714054268.7735066,6735,nan,nan,nan,nan,nan,nan
1714054268.7851043,6736,nan,nan,nan,nan,nan,nan
1714054268.8067422,6737,nan,nan,nan,nan,nan,nan
1714054268.8285038,6738,nan,nan,nan,nan,nan,nan
1714054268.8503537,6739,nan,nan,nan,nan,nan,nan
1714054268.8711965,6740,nan,nan,nan,nan,nan,nan
1714054268.893081,6741,nan,nan,nan,nan,nan,nan
1714054268.9161222,6742,nan,nan,nan,nan,nan,nan
1714054268.9389803,6743,nan,nan,nan,nan,nan,nan
1714054268.9608543,6744,nan,nan,nan,nan,nan,nan
1714054268.9827142,6745,nan,nan,nan,nan,nan,nan
1714054269.0056267,6746,nan,nan,nan,nan,nan,nan
1714054269.0274727,6747,nan,nan,nan,nan,nan,nan
1714054269.0503514,6748,nan,nan,nan,nan,nan,nan
1714054269.0721881,6749,nan,nan,nan,nan,nan,nan
1714054269.0953283,6750,nan,nan,nan,nan,nan,nan
1714054269.11878,6751,nan,nan,nan,nan,nan,nan
1714054269.141438,6752,nan,nan,nan,nan,nan,nan
1714054269.1651213,6753,nan,nan,nan,nan,nan,nan
1714054269.1912327,6754,nan,nan,nan,nan,nan,nan
1714054269.21131,6755,nan,nan,nan,nan,nan,nan
1714054269.23423,6756,nan,nan,nan,nan,nan,nan
1714054269.2594376,6757,nan,nan,nan,nan,nan,nan
1714054269.28227,6758,nan,nan,nan,nan,nan,nan
1714054269.3059492,6759,nan,nan,nan,nan,nan,nan
1714054269.3278546,6760,nan,nan,nan,nan,nan,nan
1714054269.3504188,6761,nan,nan,nan,nan,nan,nan
1714054269.3759377,6762,nan,nan,nan,nan,nan,nan
1714054269.3987305,6763,nan,nan,nan,nan,nan,nan
1714054269.4197838,6764,nan,nan,nan,nan,nan,nan
1714054269.444869,6765,nan,nan,nan,nan,nan,nan
1714054269.484033,6766,nan,nan,nan,nan,nan,nan
1714054269.5049195,6767,nan,nan,nan,nan,nan,nan
1714054269.5237873,6768,nan,nan,nan,nan,nan,nan
1714054269.542031,6769,nan,nan,nan,nan,nan,nan
1714054269.5678573,6770,nan,nan,nan,nan,nan,nan
1714054269.5861526,6771,nan,nan,nan,nan,nan,nan
1714054269.599963,6772,nan,nan,nan,nan,nan,nan
1714054269.6218863,6773,nan,nan,nan,nan,nan,nan
1714054269.6468391,6774,nan,nan,nan,nan,nan,nan
1714054269.673227,6775,nan,nan,nan,nan,nan,nan
1714054269.6978443,6776,nan,nan,nan,nan,nan,nan
1714054269.7201993,6777,nan,nan,nan,nan,nan,nan
1714054269.7408311,6778,nan,nan,nan,nan,nan,nan
1714054269.76261,6779,nan,nan,nan,nan,nan,nan
1714054269.7855768,6780,nan,nan,nan,nan,nan,nan
1714054269.8102715,6781,nan,nan,nan,nan,nan,nan
1714054269.8329554,6782,nan,nan,nan,nan,nan,nan
1714054269.8549728,6783,nan,nan,nan,nan,nan,nan
1714054269.8759723,6784,nan,nan,nan,nan,nan,nan
1714054269.8988674,6785,nan,nan,nan,nan,nan,nan
1714054269.920135,6786,nan,nan,nan,nan,nan,nan
1714054269.9432788,6787,nan,nan,nan,nan,nan,nan
1714054269.9643326,6788,nan,nan,nan,nan,nan,nan
1714054269.98639,6789,nan,nan,nan,nan,nan,nan
1714054270.007823,6790,nan,nan,nan,nan,nan,nan
1714054270.0300984,6791,nan,nan,nan,nan,nan,nan
1714054270.0533776,6792,nan,nan,nan,nan,nan,nan
1714054270.0781484,6793,nan,nan,nan,nan,nan,nan
1714054270.1008515,6794,nan,nan,nan,nan,nan,nan
1714054270.122474,6795,nan,nan,nan,nan,nan,nan
1714054270.1452088,6796,nan,nan,nan,nan,nan,nan
1714054270.1657755,6797,nan,nan,nan,nan,nan,nan
1714054270.190129,6798,nan,nan,nan,nan,nan,nan
1714054270.2140229,6799,nan,nan,nan,nan,nan,nan
1714054270.2362597,6800,nan,nan,nan,nan,nan,nan
1714054270.2607796,6801,nan,nan,nan,nan,nan,nan
1714054270.282432,6802,nan,nan,nan,nan,nan,nan
1714054270.304253,6803,nan,nan,nan,nan,nan,nan
1714054270.3261652,6804,nan,nan,nan,nan,nan,nan
1714054270.3480146,6805,nan,nan,nan,nan,nan,nan
1714054270.3697836,6806,nan,nan,nan,nan,nan,nan
1714054270.39155,6807,nan,nan,nan,nan,nan,nan
1714054270.4133523,6808,nan,nan,nan,nan,nan,nan
1714054270.4360337,6809,nan,nan,nan,nan,nan,nan
1714054270.4590657,6810,nan,nan,nan,nan,nan,nan
1714054270.4818425,6811,nan,nan,nan,nan,nan,nan
1714054270.5038402,6812,nan,nan,nan,nan,nan,nan
1714054270.5275345,6813,nan,nan,nan,nan,nan,nan
1714054270.5509102,6814,nan,nan,nan,nan,nan,nan
1714054270.5719302,6815,nan,nan,nan,nan,nan,nan
1714054270.5941978,6816,nan,nan,nan,nan,nan,nan
1714054270.6168416,6817,nan,nan,nan,nan,nan,nan
1714054270.6398258,6818,nan,nan,nan,nan,nan,nan
1714054270.670571,6819,nan,nan,nan,nan,nan,nan
1714054270.696114,6820,nan,nan,nan,nan,nan,nan
1714054270.7138598,6821,nan,nan,nan,nan,nan,nan
1714054270.7366855,6822,nan,nan,nan,nan,nan,nan
1714054270.758656,6823,nan,nan,nan,nan,nan,nan
1714054270.7805989,6824,nan,nan,nan,nan,nan,nan
1714054270.8015466,6825,nan,nan,nan,nan,nan,nan
1714054270.8244295,6826,nan,nan,nan,nan,nan,nan
1714054270.8474655,6827,nan,nan,nan,nan,nan,nan
1714054270.8695447,6828,nan,nan,nan,nan,nan,nan
1714054270.9002807,6829,nan,nan,nan,nan,nan,nan
1714054270.9259865,6830,nan,nan,nan,nan,nan,nan
1714054270.9490087,6831,nan,nan,nan,nan,nan,nan
1714054270.9618175,6832,nan,nan,nan,nan,nan,nan
1714054270.9845998,6833,nan,nan,nan,nan,nan,nan
1714054271.0072231,6834,nan,nan,nan,nan,nan,nan
1714054271.0352578,6835,nan,nan,nan,nan,nan,nan
1714054271.052611,6836,nan,nan,nan,nan,nan,nan
1714054271.0738094,6837,nan,nan,nan,nan,nan,nan
1714054271.0975266,6838,nan,nan,nan,nan,nan,nan
1714054271.1187594,6839,nan,nan,nan,nan,nan,nan
1714054271.1434546,6840,nan,nan,nan,nan,nan,nan
1714054271.1643612,6841,nan,nan,nan,nan,nan,nan
1714054271.1863694,6842,nan,nan,nan,nan,nan,nan
1714054271.2085652,6843,nan,nan,nan,nan,nan,nan
1714054271.2319071,6844,nan,nan,nan,nan,nan,nan
1714054271.2549198,6845,nan,nan,nan,nan,nan,nan
1714054271.275579,6846,nan,nan,nan,nan,nan,nan
1714054271.2973852,6847,nan,nan,nan,nan,nan,nan
1714054271.31947,6848,nan,nan,nan,nan,nan,nan
1714054271.3424177,6849,nan,nan,nan,nan,nan,nan
1714054271.3635945,6850,nan,nan,nan,nan,nan,nan
1714054271.3865628,6851,nan,nan,nan,nan,nan,nan
1714054271.4074478,6852,nan,nan,nan,nan,nan,nan
1714054271.4302657,6853,nan,nan,nan,nan,nan,nan
1714054271.4532533,6854,nan,nan,nan,nan,nan,nan
1714054271.476437,6855,nan,nan,nan,nan,nan,nan
1714054271.4986181,6856,nan,nan,nan,nan,nan,nan
1714054271.520972,6857,nan,nan,nan,nan,nan,nan
1714054271.542999,6858,nan,nan,nan,nan,nan,nan
1714054271.5652475,6859,nan,nan,nan,nan,nan,nan
1714054271.5871992,6860,nan,nan,nan,nan,nan,nan
1714054271.60919,6861,nan,nan,nan,nan,nan,nan
1714054271.631161,6862,nan,nan,nan,nan,nan,nan
1714054271.6534543,6863,nan,nan,nan,nan,nan,nan
1714054271.6814103,6864,nan,nan,nan,nan,nan,nan
1714054271.7041254,6865,nan,nan,nan,nan,nan,nan
1714054271.7250867,6866,nan,nan,nan,nan,nan,nan
1714054271.7442353,6867,nan,nan,nan,nan,nan,nan
1714054271.76609,6868,nan,nan,nan,nan,nan,nan
1714054271.7982647,6869,nan,nan,nan,nan,nan,nan
1714054271.8334122,6870,nan,nan,nan,nan,nan,nan
1714054271.8745604,6871,nan,nan,nan,nan,nan,nan
1714054271.897518,6872,nan,nan,nan,nan,nan,nan
1714054271.9089832,6873,nan,nan,nan,nan,nan,nan
1714054271.9252095,6874,nan,nan,nan,nan,nan,nan
1714054271.94049,6875,nan,nan,nan,nan,nan,nan
1714054271.962316,6876,nan,nan,nan,nan,nan,nan
1714054271.977628,6877,nan,nan,nan,nan,nan,nan
1714054271.9975975,6878,nan,nan,nan,nan,nan,nan
1714054272.0214229,6879,nan,nan,nan,nan,nan,nan
1714054272.043626,6880,nan,nan,nan,nan,nan,nan
1714054272.0649905,6881,nan,nan,nan,nan,nan,nan
1714054272.0872984,6882,nan,nan,nan,nan,nan,nan
1714054272.1095057,6883,nan,nan,nan,nan,nan,nan
1714054272.1334393,6884,nan,nan,nan,nan,nan,nan
1714054272.1546392,6885,nan,nan,nan,nan,nan,nan
1714054272.176473,6886,nan,nan,nan,nan,nan,nan
1714054272.1992776,6887,nan,nan,nan,nan,nan,nan
1714054272.2220387,6888,nan,nan,nan,nan,nan,nan
1714054272.2447388,6889,nan,nan,nan,nan,nan,nan
1714054272.2666402,6890,nan,nan,nan,nan,nan,nan
1714054272.2885911,6891,nan,nan,nan,nan,nan,nan
1714054272.3125575,6892,nan,nan,nan,nan,nan,nan
1714054272.3336096,6893,nan,nan,nan,nan,nan,nan
1714054272.3562462,6894,nan,nan,nan,nan,nan,nan
1714054272.376318,6895,nan,nan,nan,nan,nan,nan
1714054272.3973966,6896,nan,nan,nan,nan,nan,nan
1714054272.4213092,6897,nan,nan,nan,nan,nan,nan
1714054272.4427016,6898,nan,nan,nan,nan,nan,nan
1714054272.471133,6899,nan,nan,nan,nan,nan,nan
1714054272.49775,6900,nan,nan,nan,nan,nan,nan
1714054272.5184307,6901,nan,nan,nan,nan,nan,nan
1714054272.5370996,6902,nan,nan,nan,nan,nan,nan
1714054272.559197,6903,nan,nan,nan,nan,nan,nan
1714054272.5780478,6904,nan,nan,nan,nan,nan,nan
1714054272.600857,6905,nan,nan,nan,nan,nan,nan
1714054272.622619,6906,nan,nan,nan,nan,nan,nan
1714054272.645933,6907,nan,nan,nan,nan,nan,nan
1714054272.6667895,6908,nan,nan,nan,nan,nan,nan
1714054272.691934,6909,nan,nan,nan,nan,nan,nan
1714054272.7138724,6910,nan,nan,nan,nan,nan,nan
1714054272.734654,6911,nan,nan,nan,nan,nan,nan
1714054272.7570846,6912,nan,nan,nan,nan,nan,nan
1714054272.7784028,6913,nan,nan,nan,nan,nan,nan
1714054272.8020034,6914,nan,nan,nan,nan,nan,nan
1714054272.8235013,6915,nan,nan,nan,nan,nan,nan
1714054272.8452084,6916,nan,nan,nan,nan,nan,nan
1714054272.8679507,6917,nan,nan,nan,nan,nan,nan
1714054272.8897772,6918,nan,nan,nan,nan,nan,nan
1714054272.9114199,6919,nan,nan,nan,nan,nan,nan
1714054272.9341156,6920,nan,nan,nan,nan,nan,nan
1714054272.9560323,6921,nan,nan,nan,nan,nan,nan
1714054272.9782636,6922,nan,nan,nan,nan,nan,nan
1714054272.9995878,6923,nan,nan,nan,nan,nan,nan
1714054273.0232396,6924,nan,nan,nan,nan,nan,nan
1714054273.046423,6925,nan,nan,nan,nan,nan,nan
1714054273.0713778,6926,nan,nan,nan,nan,nan,nan
1714054273.0936406,6927,nan,nan,nan,nan,nan,nan
1714054273.1178887,6928,nan,nan,nan,nan,nan,nan
1714054273.1411738,6929,nan,nan,nan,nan,nan,nan
1714054273.1630645,6930,nan,nan,nan,nan,nan,nan
1714054273.1866028,6931,nan,nan,nan,nan,nan,nan
1714054273.2093394,6932,nan,nan,nan,nan,nan,nan
1714054273.2311764,6933,nan,nan,nan,nan,nan,nan
1714054273.254147,6934,nan,nan,nan,nan,nan,nan
1714054273.277308,6935,nan,nan,nan,nan,nan,nan
1714054273.2987993,6936,nan,nan,nan,nan,nan,nan
1714054273.3211036,6937,nan,nan,nan,nan,nan,nan
1714054273.3430827,6938,nan,nan,nan,nan,nan,nan
1714054273.3659256,6939,nan,nan,nan,nan,nan,nan
1714054273.3885689,6940,nan,nan,nan,nan,nan,nan
1714054273.4097717,6941,nan,nan,nan,nan,nan,nan
1714054273.4318585,6942,nan,nan,nan,nan,nan,nan
1714054273.4553525,6943,nan,nan,nan,nan,nan,nan
1714054273.4775798,6944,nan,nan,nan,nan,nan,nan
1714054273.500488,6945,nan,nan,nan,nan,nan,nan
1714054273.5234737,6946,nan,nan,nan,nan,nan,nan
1714054273.5445952,6947,nan,nan,nan,nan,nan,nan
1714054273.5664504,6948,nan,nan,nan,nan,nan,nan
1714054273.589358,6949,nan,nan,nan,nan,nan,nan
1714054273.612217,6950,nan,nan,nan,nan,nan,nan
1714054273.6331427,6951,nan,nan,nan,nan,nan,nan
1714054273.6549838,6952,nan,nan,nan,nan,nan,nan
1714054273.6780949,6953,nan,nan,nan,nan,nan,nan
1714054273.7001767,6954,nan,nan,nan,nan,nan,nan
1714054273.721506,6955,nan,nan,nan,nan,nan,nan
1714054273.7458045,6956,nan,nan,nan,nan,nan,nan
1714054273.7671034,6957,nan,nan,nan,nan,nan,nan
1714054273.789633,6958,nan,nan,nan,nan,nan,nan
1714054273.810609,6959,nan,nan,nan,nan,nan,nan
1714054273.8346882,6960,nan,nan,nan,nan,nan,nan
1714054273.8563466,6961,nan,nan,nan,nan,nan,nan
1714054273.8806489,6962,nan,nan,nan,nan,nan,nan
1714054273.902192,6963,nan,nan,nan,nan,nan,nan
1714054273.925621,6964,nan,nan,nan,nan,nan,nan
1714054273.9499564,6965,nan,nan,nan,nan,nan,nan
1714054273.9745564,6966,nan,nan,nan,nan,nan,nan
1714054274.0000646,6967,nan,nan,nan,nan,nan,nan
1714054274.047312,6968,nan,nan,nan,nan,nan,nan
1714054274.0767052,6969,nan,nan,nan,nan,nan,nan
1714054274.089137,6970,nan,nan,nan,nan,nan,nan
1714054274.09808,6971,nan,nan,nan,nan,nan,nan
1714054274.1136937,6972,nan,nan,nan,nan,nan,nan
1714054274.1354966,6973,nan,nan,nan,nan,nan,nan
1714054274.1564605,6974,nan,nan,nan,nan,nan,nan
1714054274.1794505,6975,nan,nan,nan,nan,nan,nan
1714054274.2013836,6976,nan,nan,nan,nan,nan,nan
1714054274.2243512,6977,nan,nan,nan,nan,nan,nan
1714054274.2463484,6978,nan,nan,nan,nan,nan,nan
1714054274.2698412,6979,nan,nan,nan,nan,nan,nan
1714054274.292195,6980,nan,nan,nan,nan,nan,nan
1714054274.3165472,6981,nan,nan,nan,nan,nan,nan
1714054274.3393087,6982,nan,nan,nan,nan,nan,nan
1714054274.3614888,6983,nan,nan,nan,nan,nan,nan
1714054274.3824525,6984,nan,nan,nan,nan,nan,nan
1714054274.4054282,6985,nan,nan,nan,nan,nan,nan
1714054274.4273822,6986,nan,nan,nan,nan,nan,nan
1714054274.4492908,6987,nan,nan,nan,nan,nan,nan
1714054274.472226,6988,nan,nan,nan,nan,nan,nan
1714054274.4940302,6989,nan,nan,nan,nan,nan,nan
1714054274.516058,6990,nan,nan,nan,nan,nan,nan
1714054274.5391457,6991,nan,nan,nan,nan,nan,nan
1714054274.5612025,6992,nan,nan,nan,nan,nan,nan
1714054274.5834146,6993,nan,nan,nan,nan,nan,nan
1714054274.6057668,6994,nan,nan,nan,nan,nan,nan
1714054274.6276767,6995,nan,nan,nan,nan,nan,nan
1714054274.6507294,6996,nan,nan,nan,nan,nan,nan
1714054274.67462,6997,nan,nan,nan,nan,nan,nan
1714054274.6952977,6998,nan,nan,nan,nan,nan,nan
1714054274.7184553,6999,nan,nan,nan,nan,nan,nan
1714054274.7411933,7000,nan,nan,nan,nan,nan,nan
1714054274.7630944,7001,nan,nan,nan,nan,nan,nan
1714054274.7877986,7002,nan,nan,nan,nan,nan,nan
1714054274.8312922,7003,nan,nan,nan,nan,nan,nan
1714054274.871909,7004,nan,nan,nan,nan,nan,nan
1714054274.8909137,7005,nan,nan,nan,nan,nan,nan
1714054274.9232125,7006,nan,nan,nan,nan,nan,nan
1714054274.9512832,7007,nan,nan,nan,nan,nan,nan
1714054274.9688191,7008,nan,nan,nan,nan,nan,nan
1714054274.985726,7009,nan,nan,nan,nan,nan,nan
1714054275.0102715,7010,nan,nan,nan,nan,nan,nan
1714054275.0284815,7011,nan,nan,nan,nan,nan,nan
1714054275.0371325,7012,nan,nan,nan,nan,nan,nan
1714054275.0569513,7013,nan,nan,nan,nan,nan,nan
1714054275.0798824,7014,nan,nan,nan,nan,nan,nan
1714054275.1020813,7015,nan,nan,nan,nan,nan,nan
1714054275.123504,7016,nan,nan,nan,nan,nan,nan
1714054275.1465075,7017,nan,nan,nan,nan,nan,nan
1714054275.1756976,7018,nan,nan,nan,nan,nan,nan
1714054275.2032804,7019,nan,nan,nan,nan,nan,nan
1714054275.2198637,7020,nan,nan,nan,nan,nan,nan
1714054275.239623,7021,nan,nan,nan,nan,nan,nan
1714054275.2580693,7022,nan,nan,nan,nan,nan,nan
1714054275.2883635,7023,nan,nan,nan,nan,nan,nan
1714054275.32036,7024,nan,nan,nan,nan,nan,nan
1714054275.338151,7025,nan,nan,nan,nan,nan,nan
1714054275.3488889,7026,nan,nan,nan,nan,nan,nan
1714054275.3711574,7027,nan,nan,nan,nan,nan,nan
1714054275.393248,7028,nan,nan,nan,nan,nan,nan
1714054275.4160304,7029,nan,nan,nan,nan,nan,nan
1714054275.463403,7030,nan,nan,nan,nan,nan,nan
1714054275.5137758,7031,nan,nan,nan,nan,nan,nan
1714054275.5641136,7032,nan,nan,nan,nan,nan,nan
1714054275.585251,7033,nan,nan,nan,nan,nan,nan
1714054275.6129768,7034,nan,nan,nan,nan,nan,nan
1714054275.6480103,7035,nan,nan,nan,nan,nan,nan
1714054275.665742,7036,nan,nan,nan,nan,nan,nan
1714054275.6764545,7037,nan,nan,nan,nan,nan,nan
1714054275.685343,7038,nan,nan,nan,nan,nan,nan
1714054275.7007868,7039,nan,nan,nan,nan,nan,nan
1714054275.7218723,7040,nan,nan,nan,nan,nan,nan
1714054275.744563,7041,nan,nan,nan,nan,nan,nan
1714054275.766435,7042,nan,nan,nan,nan,nan,nan
1714054275.7887316,7043,nan,nan,nan,nan,nan,nan
1714054275.814556,7044,nan,nan,nan,nan,nan,nan
1714054275.8370845,7045,nan,nan,nan,nan,nan,nan
1714054275.8569434,7046,nan,nan,nan,nan,nan,nan
1714054275.8803065,7047,nan,nan,nan,nan,nan,nan
1714054275.9091768,7048,nan,nan,nan,nan,nan,nan
1714054275.9434862,7049,nan,nan,nan,nan,nan,nan
1714054275.9729128,7050,nan,nan,nan,nan,nan,nan
1714054275.9826736,7051,nan,nan,nan,nan,nan,nan
1714054275.9953253,7052,nan,nan,nan,nan,nan,nan
1714054276.0183623,7053,nan,nan,nan,nan,nan,nan
1714054276.0463614,7054,nan,nan,nan,nan,nan,nan
1714054276.062939,7055,nan,nan,nan,nan,nan,nan
1714054276.0859072,7056,nan,nan,nan,nan,nan,nan
1714054276.1080317,7057,nan,nan,nan,nan,nan,nan
1714054276.1399508,7058,nan,nan,nan,nan,nan,nan
1714054276.1593583,7059,nan,nan,nan,nan,nan,nan
1714054276.1751895,7060,nan,nan,nan,nan,nan,nan
1714054276.1981409,7061,nan,nan,nan,nan,nan,nan
1714054276.2205272,7062,nan,nan,nan,nan,nan,nan
1714054276.2424653,7063,nan,nan,nan,nan,nan,nan
1714054276.2644897,7064,nan,nan,nan,nan,nan,nan
1714054276.2880256,7065,nan,nan,nan,nan,nan,nan
1714054276.309111,7066,nan,nan,nan,nan,nan,nan
1714054276.3309617,7067,nan,nan,nan,nan,nan,nan
1714054276.3529665,7068,nan,nan,nan,nan,nan,nan
1714054276.3745642,7069,nan,nan,nan,nan,nan,nan
1714054276.39622,7070,nan,nan,nan,nan,nan,nan
1714054276.418107,7071,nan,nan,nan,nan,nan,nan
1714054276.440092,7072,nan,nan,nan,nan,nan,nan
1714054276.4619124,7073,nan,nan,nan,nan,nan,nan
1714054276.4840155,7074,nan,nan,nan,nan,nan,nan
1714054276.5064402,7075,nan,nan,nan,nan,nan,nan
1714054276.530166,7076,nan,nan,nan,nan,nan,nan
1714054276.5509639,7077,nan,nan,nan,nan,nan,nan
1714054276.5737245,7078,nan,nan,nan,nan,nan,nan
1714054276.5955784,7079,nan,nan,nan,nan,nan,nan
1714054276.6175592,7080,nan,nan,nan,nan,nan,nan
1714054276.639732,7081,nan,nan,nan,nan,nan,nan
1714054276.661721,7082,nan,nan,nan,nan,nan,nan
1714054276.6849248,7083,nan,nan,nan,nan,nan,nan
1714054276.7069378,7084,nan,nan,nan,nan,nan,nan
1714054276.730061,7085,nan,nan,nan,nan,nan,nan
1714054276.75354,7086,nan,nan,nan,nan,nan,nan
1714054276.7766407,7087,nan,nan,nan,nan,nan,nan
1714054276.7999928,7088,nan,nan,nan,nan,nan,nan
1714054276.8246236,7089,nan,nan,nan,nan,nan,nan
1714054276.8466027,7090,nan,nan,nan,nan,nan,nan
1714054276.8687794,7091,nan,nan,nan,nan,nan,nan
1714054276.8918307,7092,nan,nan,nan,nan,nan,nan
1714054276.9138098,7093,nan,nan,nan,nan,nan,nan
1714054276.9449406,7094,nan,nan,nan,nan,nan,nan
1714054276.9817545,7095,nan,nan,nan,nan,nan,nan
1714054277.0023744,7096,nan,nan,nan,nan,nan,nan
1714054277.0108893,7097,nan,nan,nan,nan,nan,nan
1714054277.0270128,7098,nan,nan,nan,nan,nan,nan
1714054277.049867,7099,nan,nan,nan,nan,nan,nan
1714054277.075011,7100,nan,nan,nan,nan,nan,nan
1714054277.0983171,7101,nan,nan,nan,nan,nan,nan
1714054277.126701,7102,nan,nan,nan,nan,nan,nan
1714054277.1413713,7103,nan,nan,nan,nan,nan,nan
1714054277.164194,7104,nan,nan,nan,nan,nan,nan
1714054277.1866474,7105,nan,nan,nan,nan,nan,nan
1714054277.2102048,7106,nan,nan,nan,nan,nan,nan
1714054277.2315116,7107,nan,nan,nan,nan,nan,nan
1714054277.2549412,7108,nan,nan,nan,nan,nan,nan
1714054277.2767396,7109,nan,nan,nan,nan,nan,nan
1714054277.2977228,7110,nan,nan,nan,nan,nan,nan
1714054277.3200545,7111,nan,nan,nan,nan,nan,nan
1714054277.343192,7112,nan,nan,nan,nan,nan,nan
1714054277.3637848,7113,nan,nan,nan,nan,nan,nan
1714054277.3857656,7114,nan,nan,nan,nan,nan,nan
1714054277.407591,7115,nan,nan,nan,nan,nan,nan
1714054277.4294586,7116,nan,nan,nan,nan,nan,nan
1714054277.4512765,7117,nan,nan,nan,nan,nan,nan
1714054277.4733086,7118,nan,nan,nan,nan,nan,nan
1714054277.4951546,7119,nan,nan,nan,nan,nan,nan
1714054277.516999,7120,nan,nan,nan,nan,nan,nan
1714054277.5408528,7121,nan,nan,nan,nan,nan,nan
1714054277.56283,7122,nan,nan,nan,nan,nan,nan
1714054277.5857713,7123,nan,nan,nan,nan,nan,nan
1714054277.6066678,7124,nan,nan,nan,nan,nan,nan
1714054277.6285183,7125,nan,nan,nan,nan,nan,nan
1714054277.6513476,7126,nan,nan,nan,nan,nan,nan
1714054277.673534,7127,nan,nan,nan,nan,nan,nan
1714054277.6963048,7128,nan,nan,nan,nan,nan,nan
1714054277.7182305,7129,nan,nan,nan,nan,nan,nan
1714054277.7411537,7130,nan,nan,nan,nan,nan,nan
1714054277.763093,7131,nan,nan,nan,nan,nan,nan
1714054277.7859926,7132,nan,nan,nan,nan,nan,nan
1714054277.8070996,7133,nan,nan,nan,nan,nan,nan
1714054277.8291876,7134,nan,nan,nan,nan,nan,nan
1714054277.8528259,7135,nan,nan,nan,nan,nan,nan
1714054277.875106,7136,nan,nan,nan,nan,nan,nan
1714054277.9016874,7137,nan,nan,nan,nan,nan,nan
1714054277.9252093,7138,nan,nan,nan,nan,nan,nan
1714054277.9448676,7139,nan,nan,nan,nan,nan,nan
1714054277.9676712,7140,nan,nan,nan,nan,nan,nan
1714054277.9902864,7141,nan,nan,nan,nan,nan,nan
1714054278.0124145,7142,nan,nan,nan,nan,nan,nan
1714054278.033621,7143,nan,nan,nan,nan,nan,nan
1714054278.0578563,7144,nan,nan,nan,nan,nan,nan
1714054278.0823061,7145,nan,nan,nan,nan,nan,nan
1714054278.1025128,7146,nan,nan,nan,nan,nan,nan
1714054278.125236,7147,nan,nan,nan,nan,nan,nan
1714054278.1467495,7148,nan,nan,nan,nan,nan,nan
1714054278.1688094,7149,nan,nan,nan,nan,nan,nan
1714054278.1908846,7150,nan,nan,nan,nan,nan,nan
1714054278.213797,7151,nan,nan,nan,nan,nan,nan
1714054278.2384765,7152,nan,nan,nan,nan,nan,nan
1714054278.2600992,7153,nan,nan,nan,nan,nan,nan
1714054278.2837255,7154,nan,nan,nan,nan,nan,nan
1714054278.3227673,7155,nan,nan,nan,nan,nan,nan
1714054278.3396592,7156,nan,nan,nan,nan,nan,nan
1714054278.3519082,7157,nan,nan,nan,nan,nan,nan
1714054278.3743489,7158,nan,nan,nan,nan,nan,nan
1714054278.3958447,7159,nan,nan,nan,nan,nan,nan
1714054278.4180243,7160,nan,nan,nan,nan,nan,nan
1714054278.4405713,7161,nan,nan,nan,nan,nan,nan
1714054278.462897,7162,nan,nan,nan,nan,nan,nan
1714054278.4870381,7163,nan,nan,nan,nan,nan,nan
1714054278.5100021,7164,nan,nan,nan,nan,nan,nan
1714054278.5391772,7165,nan,nan,nan,nan,nan,nan
1714054278.573218,7166,nan,nan,nan,nan,nan,nan
1714054278.5871835,7167,nan,nan,nan,nan,nan,nan
1714054278.6003609,7168,nan,nan,nan,nan,nan,nan
1714054278.622021,7169,nan,nan,nan,nan,nan,nan
1714054278.6451845,7170,nan,nan,nan,nan,nan,nan
1714054278.6705244,7171,nan,nan,nan,nan,nan,nan
1714054278.691404,7172,nan,nan,nan,nan,nan,nan
1714054278.7133043,7173,nan,nan,nan,nan,nan,nan
1714054278.7364495,7174,nan,nan,nan,nan,nan,nan
1714054278.758241,7175,nan,nan,nan,nan,nan,nan
1714054278.784619,7176,nan,nan,nan,nan,nan,nan
1714054278.8163683,7177,nan,nan,nan,nan,nan,nan
1714054278.8275707,7178,nan,nan,nan,nan,nan,nan
1714054278.8507822,7179,nan,nan,nan,nan,nan,nan
1714054278.8717992,7180,nan,nan,nan,nan,nan,nan
1714054278.895503,7181,nan,nan,nan,nan,nan,nan
1714054278.9183939,7182,nan,nan,nan,nan,nan,nan
1714054278.9397829,7183,nan,nan,nan,nan,nan,nan
1714054278.961754,7184,nan,nan,nan,nan,nan,nan
1714054278.9847977,7185,nan,nan,nan,nan,nan,nan
1714054279.0070748,7186,nan,nan,nan,nan,nan,nan
1714054279.0300715,7187,nan,nan,nan,nan,nan,nan
1714054279.0525222,7188,nan,nan,nan,nan,nan,nan
1714054279.0755444,7189,nan,nan,nan,nan,nan,nan
1714054279.098545,7190,nan,nan,nan,nan,nan,nan
1714054279.1195078,7191,nan,nan,nan,nan,nan,nan
1714054279.1413617,7192,nan,nan,nan,nan,nan,nan
1714054279.1631594,7193,nan,nan,nan,nan,nan,nan
1714054279.184966,7194,nan,nan,nan,nan,nan,nan
1714054279.2078376,7195,nan,nan,nan,nan,nan,nan
1714054279.2322538,7196,nan,nan,nan,nan,nan,nan
1714054279.257181,7197,nan,nan,nan,nan,nan,nan
1714054279.2780993,7198,nan,nan,nan,nan,nan,nan
1714054279.3018293,7199,nan,nan,nan,nan,nan,nan
1714054279.322509,7200,nan,nan,nan,nan,nan,nan
1714054279.347489,7201,nan,nan,nan,nan,nan,nan
1714054279.3698409,7202,nan,nan,nan,nan,nan,nan
1714054279.392747,7203,nan,nan,nan,nan,nan,nan
1714054279.4155822,7204,nan,nan,nan,nan,nan,nan
1714054279.4375,7205,nan,nan,nan,nan,nan,nan
1714054279.4604127,7206,nan,nan,nan,nan,nan,nan
1714054279.4834158,7207,nan,nan,nan,nan,nan,nan
1714054279.5055993,7208,nan,nan,nan,nan,nan,nan
1714054279.5270936,7209,nan,nan,nan,nan,nan,nan
1714054279.5496202,7210,nan,nan,nan,nan,nan,nan
1714054279.572684,7211,nan,nan,nan,nan,nan,nan
1714054279.5940335,7212,nan,nan,nan,nan,nan,nan
1714054279.6182606,7213,nan,nan,nan,nan,nan,nan
1714054279.6392756,7214,nan,nan,nan,nan,nan,nan
1714054279.6640697,7215,nan,nan,nan,nan,nan,nan
1714054279.6915402,7216,nan,nan,nan,nan,nan,nan
1714054279.714744,7217,nan,nan,nan,nan,nan,nan
1714054279.7318661,7218,nan,nan,nan,nan,nan,nan
1714054279.7550647,7219,nan,nan,nan,nan,nan,nan
1714054279.790036,7220,nan,nan,nan,nan,nan,nan
1714054279.8068802,7221,nan,nan,nan,nan,nan,nan
1714054279.8279612,7222,nan,nan,nan,nan,nan,nan
1714054279.8508303,7223,nan,nan,nan,nan,nan,nan
1714054279.87419,7224,nan,nan,nan,nan,nan,nan
1714054279.8964176,7225,nan,nan,nan,nan,nan,nan
1714054279.9184146,7226,nan,nan,nan,nan,nan,nan
1714054279.9413638,7227,nan,nan,nan,nan,nan,nan
1714054279.9632847,7228,nan,nan,nan,nan,nan,nan
1714054279.986197,7229,nan,nan,nan,nan,nan,nan
1714054280.0084434,7230,nan,nan,nan,nan,nan,nan
1714054280.0307615,7231,nan,nan,nan,nan,nan,nan
1714054280.0543814,7232,nan,nan,nan,nan,nan,nan
1714054280.0744128,7233,nan,nan,nan,nan,nan,nan
1714054280.0962415,7234,nan,nan,nan,nan,nan,nan
1714054280.1192064,7235,nan,nan,nan,nan,nan,nan
1714054280.140293,7236,nan,nan,nan,nan,nan,nan
1714054280.1637297,7237,nan,nan,nan,nan,nan,nan
1714054280.1847563,7238,nan,nan,nan,nan,nan,nan
1714054280.207691,7239,nan,nan,nan,nan,nan,nan
1714054280.2307801,7240,nan,nan,nan,nan,nan,nan
1714054280.253862,7241,nan,nan,nan,nan,nan,nan
1714054280.2751548,7242,nan,nan,nan,nan,nan,nan
1714054280.298322,7243,nan,nan,nan,nan,nan,nan
1714054280.3208034,7244,nan,nan,nan,nan,nan,nan
1714054280.3424313,7245,nan,nan,nan,nan,nan,nan
1714054280.3645718,7246,nan,nan,nan,nan,nan,nan
1714054280.386801,7247,nan,nan,nan,nan,nan,nan
1714054280.4088588,7248,nan,nan,nan,nan,nan,nan
1714054280.4298513,7249,nan,nan,nan,nan,nan,nan
1714054280.4528282,7250,nan,nan,nan,nan,nan,nan
1714054280.4758017,7251,nan,nan,nan,nan,nan,nan
1714054280.4983635,7252,nan,nan,nan,nan,nan,nan
1714054280.5317261,7253,nan,nan,nan,nan,nan,nan
1714054280.5685105,7254,nan,nan,nan,nan,nan,nan
1714054280.585072,7255,nan,nan,nan,nan,nan,nan
1714054280.597493,7256,nan,nan,nan,nan,nan,nan
1714054280.614536,7257,nan,nan,nan,nan,nan,nan
1714054280.6364422,7258,nan,nan,nan,nan,nan,nan
1714054280.6589696,7259,nan,nan,nan,nan,nan,nan
1714054280.688533,7260,nan,nan,nan,nan,nan,nan
1714054280.715104,7261,nan,nan,nan,nan,nan,nan
1714054280.7401946,7262,nan,nan,nan,nan,nan,nan
1714054280.7654529,7263,nan,nan,nan,nan,nan,nan
1714054280.7785635,7264,nan,nan,nan,nan,nan,nan
1714054280.7956629,7265,nan,nan,nan,nan,nan,nan
1714054280.819324,7266,nan,nan,nan,nan,nan,nan
1714054280.8432822,7267,nan,nan,nan,nan,nan,nan
1714054280.8642054,7268,nan,nan,nan,nan,nan,nan
1714054280.8852596,7269,nan,nan,nan,nan,nan,nan
1714054280.9078984,7270,nan,nan,nan,nan,nan,nan
1714054280.9299893,7271,nan,nan,nan,nan,nan,nan
1714054280.952415,7272,nan,nan,nan,nan,nan,nan
1714054280.9751682,7273,nan,nan,nan,nan,nan,nan
1714054281.0015562,7274,nan,nan,nan,nan,nan,nan
1714054281.0242882,7275,nan,nan,nan,nan,nan,nan
1714054281.047979,7276,nan,nan,nan,nan,nan,nan
1714054281.0772805,7277,nan,nan,nan,nan,nan,nan
1714054281.0932214,7278,nan,nan,nan,nan,nan,nan
1714054281.1157968,7279,nan,nan,nan,nan,nan,nan
1714054281.1389532,7280,nan,nan,nan,nan,nan,nan
1714054281.161133,7281,nan,nan,nan,nan,nan,nan
1714054281.1839373,7282,nan,nan,nan,nan,nan,nan
1714054281.2060997,7283,nan,nan,nan,nan,nan,nan
1714054281.22923,7284,nan,nan,nan,nan,nan,nan
1714054281.2520418,7285,nan,nan,nan,nan,nan,nan
1714054281.2739964,7286,nan,nan,nan,nan,nan,nan
1714054281.296862,7287,nan,nan,nan,nan,nan,nan
1714054281.3178422,7288,nan,nan,nan,nan,nan,nan
1714054281.339645,7289,nan,nan,nan,nan,nan,nan
1714054281.361632,7290,nan,nan,nan,nan,nan,nan
1714054281.3837013,7291,nan,nan,nan,nan,nan,nan
1714054281.4058433,7292,nan,nan,nan,nan,nan,nan
1714054281.428222,7293,nan,nan,nan,nan,nan,nan
1714054281.449114,7294,nan,nan,nan,nan,nan,nan
1714054281.4725335,7295,nan,nan,nan,nan,nan,nan
1714054281.4943216,7296,nan,nan,nan,nan,nan,nan
1714054281.518251,7297,nan,nan,nan,nan,nan,nan
1714054281.5405967,7298,nan,nan,nan,nan,nan,nan
1714054281.5616088,7299,nan,nan,nan,nan,nan,nan
1714054281.5845103,7300,nan,nan,nan,nan,nan,nan
1714054281.6071641,7301,nan,nan,nan,nan,nan,nan
1714054281.629037,7302,nan,nan,nan,nan,nan,nan
1714054281.652072,7303,nan,nan,nan,nan,nan,nan
1714054281.6899269,7304,nan,nan,nan,nan,nan,nan
1714054281.7031968,7305,nan,nan,nan,nan,nan,nan
1714054281.7207894,7306,nan,nan,nan,nan,nan,nan
1714054281.741904,7307,nan,nan,nan,nan,nan,nan
1714054281.7654011,7308,nan,nan,nan,nan,nan,nan
1714054281.7892945,7309,nan,nan,nan,nan,nan,nan
1714054281.8114796,7310,nan,nan,nan,nan,nan,nan
1714054281.8334126,7311,nan,nan,nan,nan,nan,nan
1714054281.8594403,7312,nan,nan,nan,nan,nan,nan
1714054281.879444,7313,nan,nan,nan,nan,nan,nan
1714054281.9017918,7314,nan,nan,nan,nan,nan,nan
1714054281.9256501,7315,nan,nan,nan,nan,nan,nan
1714054281.9571748,7316,nan,nan,nan,nan,nan,nan
1714054281.9808106,7317,nan,nan,nan,nan,nan,nan
1714054281.991993,7318,nan,nan,nan,nan,nan,nan
1714054282.0137784,7319,nan,nan,nan,nan,nan,nan
1714054282.0360482,7320,nan,nan,nan,nan,nan,nan
1714054282.057844,7321,nan,nan,nan,nan,nan,nan
1714054282.0797737,7322,nan,nan,nan,nan,nan,nan
1714054282.1014066,7323,nan,nan,nan,nan,nan,nan
1714054282.1247084,7324,nan,nan,nan,nan,nan,nan
1714054282.1471186,7325,nan,nan,nan,nan,nan,nan
1714054282.1677327,7326,nan,nan,nan,nan,nan,nan
1714054282.1915705,7327,nan,nan,nan,nan,nan,nan
1714054282.2136667,7328,nan,nan,nan,nan,nan,nan
1714054282.2363863,7329,nan,nan,nan,nan,nan,nan
1714054282.2586849,7330,nan,nan,nan,nan,nan,nan
1714054282.283837,7331,nan,nan,nan,nan,nan,nan
1714054282.3048706,7332,nan,nan,nan,nan,nan,nan
1714054282.3297665,7333,nan,nan,nan,nan,nan,nan
1714054282.3516622,7334,nan,nan,nan,nan,nan,nan
1714054282.374682,7335,nan,nan,nan,nan,nan,nan
1714054282.3949213,7336,nan,nan,nan,nan,nan,nan
1714054282.4184644,7337,nan,nan,nan,nan,nan,nan
1714054282.4470835,7338,nan,nan,nan,nan,nan,nan
1714054282.4738374,7339,nan,nan,nan,nan,nan,nan
1714054282.4860046,7340,nan,nan,nan,nan,nan,nan
1714054282.5102165,7341,nan,nan,nan,nan,nan,nan
1714054282.5312366,7342,nan,nan,nan,nan,nan,nan
1714054282.5673485,7343,nan,nan,nan,nan,nan,nan
1714054282.6008759,7344,nan,nan,nan,nan,nan,nan
1714054282.6249485,7345,nan,nan,nan,nan,nan,nan
1714054282.6349678,7346,nan,nan,nan,nan,nan,nan
1714054282.6467335,7347,nan,nan,nan,nan,nan,nan
1714054282.6688762,7348,nan,nan,nan,nan,nan,nan
1714054282.6916113,7349,nan,nan,nan,nan,nan,nan
1714054282.717798,7350,nan,nan,nan,nan,nan,nan
1714054282.7391067,7351,nan,nan,nan,nan,nan,nan
1714054282.7593622,7352,nan,nan,nan,nan,nan,nan
1714054282.7810862,7353,nan,nan,nan,nan,nan,nan
1714054282.8050513,7354,nan,nan,nan,nan,nan,nan
1714054282.8303733,7355,nan,nan,nan,nan,nan,nan
1714054282.8568385,7356,nan,nan,nan,nan,nan,nan
1714054282.8790479,7357,nan,nan,nan,nan,nan,nan
1714054282.9011989,7358,nan,nan,nan,nan,nan,nan
1714054282.9231,7359,nan,nan,nan,nan,nan,nan
1714054282.9462323,7360,nan,nan,nan,nan,nan,nan
1714054282.9688869,7361,nan,nan,nan,nan,nan,nan
1714054282.992227,7362,nan,nan,nan,nan,nan,nan
1714054283.0135415,7363,nan,nan,nan,nan,nan,nan
1714054283.037117,7364,nan,nan,nan,nan,nan,nan
1714054283.058697,7365,nan,nan,nan,nan,nan,nan
1714054283.0829308,7366,nan,nan,nan,nan,nan,nan
1714054283.116336,7367,nan,nan,nan,nan,nan,nan
1714054283.1390283,7368,nan,nan,nan,nan,nan,nan
1714054283.1554232,7369,nan,nan,nan,nan,nan,nan
1714054283.181703,7370,nan,nan,nan,nan,nan,nan
1714054283.229067,7371,nan,nan,nan,nan,nan,nan
1714054283.2668428,7372,nan,nan,nan,nan,nan,nan
1714054283.2979703,7373,nan,nan,nan,nan,nan,nan
1714054283.3120866,7374,nan,nan,nan,nan,nan,nan
1714054283.3206096,7375,nan,nan,nan,nan,nan,nan
1714054283.334421,7376,nan,nan,nan,nan,nan,nan
1714054283.3566768,7377,nan,nan,nan,nan,nan,nan
1714054283.378773,7378,nan,nan,nan,nan,nan,nan
1714054283.4110897,7379,nan,nan,nan,nan,nan,nan
1714054283.4418108,7380,nan,nan,nan,nan,nan,nan
1714054283.464526,7381,nan,nan,nan,nan,nan,nan
1714054283.4782197,7382,nan,nan,nan,nan,nan,nan
1714054283.4929786,7383,nan,nan,nan,nan,nan,nan
1714054283.5169506,7384,nan,nan,nan,nan,nan,nan
1714054283.5371492,7385,nan,nan,nan,nan,nan,nan
1714054283.558815,7386,nan,nan,nan,nan,nan,nan
1714054283.580389,7387,nan,nan,nan,nan,nan,nan
1714054283.6019893,7388,nan,nan,nan,nan,nan,nan
1714054283.623227,7389,nan,nan,nan,nan,nan,nan
1714054283.6453812,7390,nan,nan,nan,nan,nan,nan
1714054283.6668458,7391,nan,nan,nan,nan,nan,nan
1714054283.6889365,7392,nan,nan,nan,nan,nan,nan
1714054283.7106633,7393,nan,nan,nan,nan,nan,nan
1714054283.7437134,7394,nan,nan,nan,nan,nan,nan
1714054283.7686534,7395,nan,nan,nan,nan,nan,nan
1714054283.7996778,7396,nan,nan,nan,nan,nan,nan
1714054283.8264318,7397,nan,nan,nan,nan,nan,nan
1714054283.838021,7398,nan,nan,nan,nan,nan,nan
1714054283.8510559,7399,nan,nan,nan,nan,nan,nan
1714054283.8719351,7400,nan,nan,nan,nan,nan,nan
1714054283.89418,7401,nan,nan,nan,nan,nan,nan
1714054283.915989,7402,nan,nan,nan,nan,nan,nan
1714054283.9379466,7403,nan,nan,nan,nan,nan,nan
1714054283.9606159,7404,nan,nan,nan,nan,nan,nan
1714054283.9851096,7405,nan,nan,nan,nan,nan,nan
1714054284.009731,7406,nan,nan,nan,nan,nan,nan
1714054284.0320694,7407,nan,nan,nan,nan,nan,nan
1714054284.056438,7408,nan,nan,nan,nan,nan,nan
1714054284.0785341,7409,nan,nan,nan,nan,nan,nan
1714054284.1003819,7410,nan,nan,nan,nan,nan,nan
1714054284.1234415,7411,nan,nan,nan,nan,nan,nan
1714054284.14586,7412,nan,nan,nan,nan,nan,nan
1714054284.167947,7413,nan,nan,nan,nan,nan,nan
1714054284.1913884,7414,nan,nan,nan,nan,nan,nan
1714054284.2132645,7415,nan,nan,nan,nan,nan,nan
1714054284.2341976,7416,nan,nan,nan,nan,nan,nan
1714054284.2560308,7417,nan,nan,nan,nan,nan,nan
1714054284.2779548,7418,nan,nan,nan,nan,nan,nan
1714054284.3008487,7419,nan,nan,nan,nan,nan,nan
1714054284.3241072,7420,nan,nan,nan,nan,nan,nan
1714054284.3501768,7421,nan,nan,nan,nan,nan,nan
1714054284.3828962,7422,nan,nan,nan,nan,nan,nan
1714054284.4142234,7423,nan,nan,nan,nan,nan,nan
1714054284.4339097,7424,nan,nan,nan,nan,nan,nan
1714054284.4491217,7425,nan,nan,nan,nan,nan,nan
1714054284.4649363,7426,nan,nan,nan,nan,nan,nan
1714054284.4868753,7427,nan,nan,nan,nan,nan,nan
1714054284.5085707,7428,nan,nan,nan,nan,nan,nan
1714054284.5366342,7429,nan,nan,nan,nan,nan,nan
1714054284.5527613,7430,nan,nan,nan,nan,nan,nan
1714054284.574935,7431,nan,nan,nan,nan,nan,nan
1714054284.5979388,7432,nan,nan,nan,nan,nan,nan
1714054284.6305249,7433,nan,nan,nan,nan,nan,nan
1714054284.6424985,7434,nan,nan,nan,nan,nan,nan
1714054284.6652317,7435,nan,nan,nan,nan,nan,nan
1714054284.6875687,7436,nan,nan,nan,nan,nan,nan
1714054284.7098606,7437,nan,nan,nan,nan,nan,nan
1714054284.7316399,7438,nan,nan,nan,nan,nan,nan
1714054284.752935,7439,nan,nan,nan,nan,nan,nan
1714054284.77599,7440,nan,nan,nan,nan,nan,nan
1714054284.7972217,7441,nan,nan,nan,nan,nan,nan
1714054284.8198469,7442,nan,nan,nan,nan,nan,nan
1714054284.8425477,7443,nan,nan,nan,nan,nan,nan
1714054284.8633351,7444,nan,nan,nan,nan,nan,nan
1714054284.8862965,7445,nan,nan,nan,nan,nan,nan
1714054284.908691,7446,nan,nan,nan,nan,nan,nan
1714054284.9325228,7447,nan,nan,nan,nan,nan,nan
1714054284.9541557,7448,nan,nan,nan,nan,nan,nan
1714054284.9760017,7449,nan,nan,nan,nan,nan,nan
1714054284.997578,7450,nan,nan,nan,nan,nan,nan
1714054285.0207462,7451,nan,nan,nan,nan,nan,nan
1714054285.0428195,7452,nan,nan,nan,nan,nan,nan
1714054285.0658424,7453,nan,nan,nan,nan,nan,nan
1714054285.087781,7454,nan,nan,nan,nan,nan,nan
1714054285.1263142,7455,nan,nan,nan,nan,nan,nan
1714054285.1514251,7456,nan,nan,nan,nan,nan,nan
1714054285.1631408,7457,nan,nan,nan,nan,nan,nan
1714054285.1762679,7458,nan,nan,nan,nan,nan,nan
1714054285.1989694,7459,nan,nan,nan,nan,nan,nan
1714054285.2218947,7460,nan,nan,nan,nan,nan,nan
1714054285.2431717,7461,nan,nan,nan,nan,nan,nan
1714054285.2664685,7462,nan,nan,nan,nan,nan,nan
1714054285.2887814,7463,nan,nan,nan,nan,nan,nan
1714054285.3169308,7464,nan,nan,nan,nan,nan,nan
1714054285.3328552,7465,nan,nan,nan,nan,nan,nan
1714054285.3548634,7466,nan,nan,nan,nan,nan,nan
1714054285.37753,7467,nan,nan,nan,nan,nan,nan
1714054285.4043038,7468,nan,nan,nan,nan,nan,nan
1714054285.4321892,7469,nan,nan,nan,nan,nan,nan
1714054285.4647372,7470,nan,nan,nan,nan,nan,nan
1714054285.4836812,7471,nan,nan,nan,nan,nan,nan
1714054285.496518,7472,nan,nan,nan,nan,nan,nan
1714054285.5192983,7473,nan,nan,nan,nan,nan,nan
1714054285.5423796,7474,nan,nan,nan,nan,nan,nan
1714054285.5647101,7475,nan,nan,nan,nan,nan,nan
1714054285.5877273,7476,nan,nan,nan,nan,nan,nan
1714054285.608059,7477,nan,nan,nan,nan,nan,nan
1714054285.630179,7478,nan,nan,nan,nan,nan,nan
1714054285.6527712,7479,nan,nan,nan,nan,nan,nan
1714054285.6736133,7480,nan,nan,nan,nan,nan,nan
1714054285.6954892,7481,nan,nan,nan,nan,nan,nan
1714054285.7177868,7482,nan,nan,nan,nan,nan,nan
1714054285.7398906,7483,nan,nan,nan,nan,nan,nan
1714054285.7632315,7484,nan,nan,nan,nan,nan,nan
1714054285.786166,7485,nan,nan,nan,nan,nan,nan
1714054285.8075743,7486,nan,nan,nan,nan,nan,nan
1714054285.8285947,7487,nan,nan,nan,nan,nan,nan
1714054285.8511484,7488,nan,nan,nan,nan,nan,nan
1714054285.873649,7489,nan,nan,nan,nan,nan,nan
1714054285.901742,7490,nan,nan,nan,nan,nan,nan
1714054285.9235928,7491,nan,nan,nan,nan,nan,nan
1714054285.9460902,7492,nan,nan,nan,nan,nan,nan
1714054285.9684987,7493,nan,nan,nan,nan,nan,nan
1714054285.991458,7494,nan,nan,nan,nan,nan,nan
1714054286.0158775,7495,nan,nan,nan,nan,nan,nan
1714054286.0544887,7496,nan,nan,nan,nan,nan,nan
1714054286.0818098,7497,nan,nan,nan,nan,nan,nan
1714054286.0909176,7498,nan,nan,nan,nan,nan,nan
1714054286.1073363,7499,nan,nan,nan,nan,nan,nan
1714054286.1300952,7500,nan,nan,nan,nan,nan,nan
1714054286.151012,7501,nan,nan,nan,nan,nan,nan
1714054286.1739569,7502,nan,nan,nan,nan,nan,nan
1714054286.196168,7503,nan,nan,nan,nan,nan,nan
1714054286.2181375,7504,nan,nan,nan,nan,nan,nan
1714054286.2408562,7505,nan,nan,nan,nan,nan,nan
1714054286.2623572,7506,nan,nan,nan,nan,nan,nan
1714054286.2863019,7507,nan,nan,nan,nan,nan,nan
1714054286.3083327,7508,nan,nan,nan,nan,nan,nan
1714054286.330375,7509,nan,nan,nan,nan,nan,nan
1714054286.3518512,7510,nan,nan,nan,nan,nan,nan
1714054286.3747387,7511,nan,nan,nan,nan,nan,nan
1714054286.3958306,7512,nan,nan,nan,nan,nan,nan
1714054286.4189315,7513,nan,nan,nan,nan,nan,nan
1714054286.440565,7514,nan,nan,nan,nan,nan,nan
1714054286.4624465,7515,nan,nan,nan,nan,nan,nan
1714054286.4844549,7516,nan,nan,nan,nan,nan,nan
1714054286.5064895,7517,nan,nan,nan,nan,nan,nan
1714054286.528763,7518,nan,nan,nan,nan,nan,nan
1714054286.550064,7519,nan,nan,nan,nan,nan,nan
1714054286.57161,7520,nan,nan,nan,nan,nan,nan
1714054286.594928,7521,nan,nan,nan,nan,nan,nan
1714054286.6203904,7522,nan,nan,nan,nan,nan,nan
1714054286.6420243,7523,nan,nan,nan,nan,nan,nan
1714054286.6643543,7524,nan,nan,nan,nan,nan,nan
1714054286.6869814,7525,nan,nan,nan,nan,nan,nan
1714054286.7207716,7526,nan,nan,nan,nan,nan,nan
1714054286.745387,7527,nan,nan,nan,nan,nan,nan
1714054286.7812226,7528,nan,nan,nan,nan,nan,nan
1714054286.8209035,7529,nan,nan,nan,nan,nan,nan
1714054286.8626301,7530,nan,nan,nan,nan,nan,nan
1714054286.8980727,7531,nan,nan,nan,nan,nan,nan
1714054286.920295,7532,nan,nan,nan,nan,nan,nan
1714054286.946741,7533,nan,nan,nan,nan,nan,nan
1714054286.9576511,7534,nan,nan,nan,nan,nan,nan
1714054286.9716935,7535,nan,nan,nan,nan,nan,nan
1714054286.9915612,7536,nan,nan,nan,nan,nan,nan
1714054287.0279555,7537,nan,nan,nan,nan,nan,nan
1714054287.0635183,7538,nan,nan,nan,nan,nan,nan
1714054287.0903177,7539,nan,nan,nan,nan,nan,nan
1714054287.128036,7540,nan,nan,nan,nan,nan,nan
1714054287.1518784,7541,nan,nan,nan,nan,nan,nan
1714054287.163878,7542,nan,nan,nan,nan,nan,nan
1714054287.1738222,7543,nan,nan,nan,nan,nan,nan
1714054287.1873317,7544,nan,nan,nan,nan,nan,nan
1714054287.2017257,7545,nan,nan,nan,nan,nan,nan
1714054287.2230175,7546,nan,nan,nan,nan,nan,nan
1714054287.2460716,7547,nan,nan,nan,nan,nan,nan
1714054287.2687767,7548,nan,nan,nan,nan,nan,nan
1714054287.2972004,7549,nan,nan,nan,nan,nan,nan
1714054287.3158438,7550,nan,nan,nan,nan,nan,nan
1714054287.3366008,7551,nan,nan,nan,nan,nan,nan
1714054287.359363,7552,nan,nan,nan,nan,nan,nan
1714054287.3827593,7553,nan,nan,nan,nan,nan,nan
1714054287.4039757,7554,nan,nan,nan,nan,nan,nan
1714054287.4276206,7555,nan,nan,nan,nan,nan,nan
1714054287.4486115,7556,nan,nan,nan,nan,nan,nan
1714054287.4700327,7557,nan,nan,nan,nan,nan,nan
1714054287.4928303,7558,nan,nan,nan,nan,nan,nan
1714054287.5170271,7559,nan,nan,nan,nan,nan,nan
1714054287.5452356,7560,nan,nan,nan,nan,nan,nan
1714054287.5653334,7561,nan,nan,nan,nan,nan,nan
1714054287.5851095,7562,nan,nan,nan,nan,nan,nan
1714054287.6065245,7563,nan,nan,nan,nan,nan,nan
1714054287.634451,7564,nan,nan,nan,nan,nan,nan
1714054287.6564248,7565,nan,nan,nan,nan,nan,nan
1714054287.6742764,7566,nan,nan,nan,nan,nan,nan
1714054287.6990337,7567,nan,nan,nan,nan,nan,nan
1714054287.7214634,7568,nan,nan,nan,nan,nan,nan
1714054287.7468724,7569,nan,nan,nan,nan,nan,nan
1714054287.7641912,7570,nan,nan,nan,nan,nan,nan
1714054287.7888973,7571,nan,nan,nan,nan,nan,nan
1714054287.8113625,7572,nan,nan,nan,nan,nan,nan
1714054287.8324163,7573,nan,nan,nan,nan,nan,nan
1714054287.854407,7574,nan,nan,nan,nan,nan,nan
1714054287.875279,7575,nan,nan,nan,nan,nan,nan
1714054287.8981977,7576,nan,nan,nan,nan,nan,nan
1714054287.9211059,7577,nan,nan,nan,nan,nan,nan
1714054287.943191,7578,nan,nan,nan,nan,nan,nan
1714054287.9665084,7579,nan,nan,nan,nan,nan,nan
1714054287.9897635,7580,nan,nan,nan,nan,nan,nan
1714054288.0139854,7581,nan,nan,nan,nan,nan,nan
1714054288.0337617,7582,nan,nan,nan,nan,nan,nan
1714054288.0567312,7583,nan,nan,nan,nan,nan,nan
1714054288.0798512,7584,nan,nan,nan,nan,nan,nan
1714054288.1017313,7585,nan,nan,nan,nan,nan,nan
1714054288.1254356,7586,nan,nan,nan,nan,nan,nan
1714054288.1479764,7587,nan,nan,nan,nan,nan,nan
1714054288.1691797,7588,nan,nan,nan,nan,nan,nan
1714054288.191296,7589,nan,nan,nan,nan,nan,nan
1714054288.2144384,7590,nan,nan,nan,nan,nan,nan
1714054288.236341,7591,nan,nan,nan,nan,nan,nan
1714054288.2572794,7592,nan,nan,nan,nan,nan,nan
1714054288.2794237,7593,nan,nan,nan,nan,nan,nan
1714054288.302083,7594,nan,nan,nan,nan,nan,nan
1714054288.3255973,7595,nan,nan,nan,nan,nan,nan
1714054288.3462727,7596,nan,nan,nan,nan,nan,nan
1714054288.3680286,7597,nan,nan,nan,nan,nan,nan
1714054288.3902268,7598,nan,nan,nan,nan,nan,nan
1714054288.411924,7599,nan,nan,nan,nan,nan,nan
1714054288.4337184,7600,nan,nan,nan,nan,nan,nan
1714054288.4565628,7601,nan,nan,nan,nan,nan,nan
1714054288.478726,7602,nan,nan,nan,nan,nan,nan
1714054288.500686,7603,nan,nan,nan,nan,nan,nan
1714054288.5217757,7604,nan,nan,nan,nan,nan,nan
1714054288.5452263,7605,nan,nan,nan,nan,nan,nan
1714054288.571966,7606,nan,nan,nan,nan,nan,nan
1714054288.5940533,7607,nan,nan,nan,nan,nan,nan
1714054288.6171641,7608,nan,nan,nan,nan,nan,nan
1714054288.6390193,7609,nan,nan,nan,nan,nan,nan
1714054288.661658,7610,nan,nan,nan,nan,nan,nan
1714054288.6846557,7611,nan,nan,nan,nan,nan,nan
1714054288.706703,7612,nan,nan,nan,nan,nan,nan
1714054288.72866,7613,nan,nan,nan,nan,nan,nan
1714054288.7505965,7614,nan,nan,nan,nan,nan,nan
1714054288.7725658,7615,nan,nan,nan,nan,nan,nan
1714054288.7952845,7616,nan,nan,nan,nan,nan,nan
1714054288.8170745,7617,nan,nan,nan,nan,nan,nan
1714054288.8413186,7618,nan,nan,nan,nan,nan,nan
1714054288.8628335,7619,nan,nan,nan,nan,nan,nan
1714054288.885769,7620,nan,nan,nan,nan,nan,nan
1714054288.9078896,7621,nan,nan,nan,nan,nan,nan
1714054288.9306908,7622,nan,nan,nan,nan,nan,nan
1714054288.9527102,7623,nan,nan,nan,nan,nan,nan
1714054288.9768486,7624,nan,nan,nan,nan,nan,nan
1714054288.9994822,7625,nan,nan,nan,nan,nan,nan
1714054289.0232902,7626,nan,nan,nan,nan,nan,nan
1714054289.0477378,7627,nan,nan,nan,nan,nan,nan
1714054289.0695808,7628,nan,nan,nan,nan,nan,nan
1714054289.0927367,7629,nan,nan,nan,nan,nan,nan
1714054289.114912,7630,nan,nan,nan,nan,nan,nan
1714054289.136761,7631,nan,nan,nan,nan,nan,nan
1714054289.1599884,7632,nan,nan,nan,nan,nan,nan
1714054289.183013,7633,nan,nan,nan,nan,nan,nan
1714054289.2052913,7634,nan,nan,nan,nan,nan,nan
1714054289.2281365,7635,nan,nan,nan,nan,nan,nan
1714054289.2499936,7636,nan,nan,nan,nan,nan,nan
1714054289.2719386,7637,nan,nan,nan,nan,nan,nan
1714054289.2942865,7638,nan,nan,nan,nan,nan,nan
1714054289.316863,7639,nan,nan,nan,nan,nan,nan
1714054289.3377492,7640,nan,nan,nan,nan,nan,nan
1714054289.3607302,7641,nan,nan,nan,nan,nan,nan
1714054289.3828685,7642,nan,nan,nan,nan,nan,nan
1714054289.404782,7643,nan,nan,nan,nan,nan,nan
1714054289.4265473,7644,nan,nan,nan,nan,nan,nan
1714054289.4494755,7645,nan,nan,nan,nan,nan,nan
1714054289.4716277,7646,nan,nan,nan,nan,nan,nan
1714054289.4935164,7647,nan,nan,nan,nan,nan,nan
1714054289.5165823,7648,nan,nan,nan,nan,nan,nan
1714054289.538687,7649,nan,nan,nan,nan,nan,nan
1714054289.5612478,7650,nan,nan,nan,nan,nan,nan
1714054289.584272,7651,nan,nan,nan,nan,nan,nan
1714054289.6076748,7652,nan,nan,nan,nan,nan,nan
1714054289.6299014,7653,nan,nan,nan,nan,nan,nan
1714054289.6519914,7654,nan,nan,nan,nan,nan,nan
1714054289.674767,7655,nan,nan,nan,nan,nan,nan
1714054289.6987514,7656,nan,nan,nan,nan,nan,nan
1714054289.7188053,7657,nan,nan,nan,nan,nan,nan
1714054289.7408688,7658,nan,nan,nan,nan,nan,nan
1714054289.7641978,7659,nan,nan,nan,nan,nan,nan
1714054289.7929134,7660,nan,nan,nan,nan,nan,nan
1714054289.808939,7661,nan,nan,nan,nan,nan,nan
1714054289.8326411,7662,nan,nan,nan,nan,nan,nan
1714054289.8544219,7663,nan,nan,nan,nan,nan,nan
1714054289.8791318,7664,nan,nan,nan,nan,nan,nan
1714054289.9012697,7665,nan,nan,nan,nan,nan,nan
1714054289.9230044,7666,nan,nan,nan,nan,nan,nan
1714054289.9454658,7667,nan,nan,nan,nan,nan,nan
1714054289.967344,7668,nan,nan,nan,nan,nan,nan
1714054289.9895215,7669,nan,nan,nan,nan,nan,nan
1714054290.0111227,7670,nan,nan,nan,nan,nan,nan
1714054290.033434,7671,nan,nan,nan,nan,nan,nan
1714054290.0565476,7672,nan,nan,nan,nan,nan,nan
1714054290.0769534,7673,nan,nan,nan,nan,nan,nan
1714054290.0997207,7674,nan,nan,nan,nan,nan,nan
1714054290.1210914,7675,nan,nan,nan,nan,nan,nan
1714054290.1444619,7676,nan,nan,nan,nan,nan,nan
1714054290.1660085,7677,nan,nan,nan,nan,nan,nan
1714054290.189287,7678,nan,nan,nan,nan,nan,nan
1714054290.2105825,7679,nan,nan,nan,nan,nan,nan
1714054290.232585,7680,nan,nan,nan,nan,nan,nan
1714054290.2551897,7681,nan,nan,nan,nan,nan,nan
1714054290.2789094,7682,nan,nan,nan,nan,nan,nan
1714054290.3026476,7683,nan,nan,nan,nan,nan,nan
1714054290.3217673,7684,nan,nan,nan,nan,nan,nan
1714054290.3443794,7685,nan,nan,nan,nan,nan,nan
1714054290.367099,7686,nan,nan,nan,nan,nan,nan
1714054290.3889987,7687,nan,nan,nan,nan,nan,nan
1714054290.4110618,7688,nan,nan,nan,nan,nan,nan
1714054290.4335446,7689,nan,nan,nan,nan,nan,nan
1714054290.4557877,7690,nan,nan,nan,nan,nan,nan
1714054290.4773576,7691,nan,nan,nan,nan,nan,nan
1714054290.499962,7692,nan,nan,nan,nan,nan,nan
1714054290.522206,7693,nan,nan,nan,nan,nan,nan
1714054290.5447114,7694,nan,nan,nan,nan,nan,nan
1714054290.5676787,7695,nan,nan,nan,nan,nan,nan
1714054290.5908694,7696,nan,nan,nan,nan,nan,nan
1714054290.612841,7697,nan,nan,nan,nan,nan,nan
1714054290.6347106,7698,nan,nan,nan,nan,nan,nan
1714054290.6567056,7699,nan,nan,nan,nan,nan,nan
1714054290.678618,7700,nan,nan,nan,nan,nan,nan
1714054290.7008805,7701,nan,nan,nan,nan,nan,nan
1714054290.7239227,7702,nan,nan,nan,nan,nan,nan
1714054290.7469757,7703,nan,nan,nan,nan,nan,nan
1714054290.7694578,7704,nan,nan,nan,nan,nan,nan
1714054290.7913914,7705,nan,nan,nan,nan,nan,nan
1714054290.8139856,7706,nan,nan,nan,nan,nan,nan
1714054290.835729,7707,nan,nan,nan,nan,nan,nan
1714054290.8584795,7708,nan,nan,nan,nan,nan,nan
1714054290.8796396,7709,nan,nan,nan,nan,nan,nan
1714054290.9018764,7710,nan,nan,nan,nan,nan,nan
1714054290.924344,7711,nan,nan,nan,nan,nan,nan
1714054290.9463515,7712,nan,nan,nan,nan,nan,nan
1714054290.9690168,7713,nan,nan,nan,nan,nan,nan
1714054290.9911628,7714,nan,nan,nan,nan,nan,nan
1714054291.0166183,7715,nan,nan,nan,nan,nan,nan
1714054291.0386055,7716,nan,nan,nan,nan,nan,nan
1714054291.061918,7717,nan,nan,nan,nan,nan,nan
1714054291.100059,7718,nan,nan,nan,nan,nan,nan
1714054291.1152234,7719,nan,nan,nan,nan,nan,nan
1714054291.1290507,7720,nan,nan,nan,nan,nan,nan
1714054291.1519215,7721,nan,nan,nan,nan,nan,nan
1714054291.1749697,7722,nan,nan,nan,nan,nan,nan
1714054291.1951394,7723,nan,nan,nan,nan,nan,nan
1714054291.2180727,7724,nan,nan,nan,nan,nan,nan
1714054291.240097,7725,nan,nan,nan,nan,nan,nan
1714054291.2628636,7726,nan,nan,nan,nan,nan,nan
1714054291.286128,7727,nan,nan,nan,nan,nan,nan
1714054291.313986,7728,nan,nan,nan,nan,nan,nan
1714054291.3584774,7729,nan,nan,nan,nan,nan,nan
1714054291.3878007,7730,nan,nan,nan,nan,nan,nan
1714054291.4080431,7731,nan,nan,nan,nan,nan,nan
1714054291.4290204,7732,nan,nan,nan,nan,nan,nan
1714054291.468731,7733,nan,nan,nan,nan,nan,nan
1714054291.493623,7734,nan,nan,nan,nan,nan,nan
1714054291.530317,7735,nan,nan,nan,nan,nan,nan
1714054291.5696394,7736,nan,nan,nan,nan,nan,nan
1714054291.582398,7737,nan,nan,nan,nan,nan,nan
1714054291.5964494,7738,nan,nan,nan,nan,nan,nan
1714054291.6089427,7739,nan,nan,nan,nan,nan,nan
1714054291.6317828,7740,nan,nan,nan,nan,nan,nan
1714054291.653881,7741,nan,nan,nan,nan,nan,nan
1714054291.6778736,7742,nan,nan,nan,nan,nan,nan
1714054291.6996355,7743,nan,nan,nan,nan,nan,nan
1714054291.7284002,7744,nan,nan,nan,nan,nan,nan
1714054291.7440245,7745,nan,nan,nan,nan,nan,nan
1714054291.765033,7746,nan,nan,nan,nan,nan,nan
1714054291.786826,7747,nan,nan,nan,nan,nan,nan
1714054291.807889,7748,nan,nan,nan,nan,nan,nan
1714054291.830863,7749,nan,nan,nan,nan,nan,nan
1714054291.8560143,7750,nan,nan,nan,nan,nan,nan
1714054291.8765585,7751,nan,nan,nan,nan,nan,nan
1714054291.8993583,7752,nan,nan,nan,nan,nan,nan
1714054291.9213538,7753,nan,nan,nan,nan,nan,nan
1714054291.9436138,7754,nan,nan,nan,nan,nan,nan
1714054291.9644961,7755,nan,nan,nan,nan,nan,nan
1714054291.987246,7756,nan,nan,nan,nan,nan,nan
1714054292.0091748,7757,nan,nan,nan,nan,nan,nan
1714054292.03105,7758,nan,nan,nan,nan,nan,nan
1714054292.0529141,7759,nan,nan,nan,nan,nan,nan
1714054292.0749967,7760,nan,nan,nan,nan,nan,nan
1714054292.0972106,7761,nan,nan,nan,nan,nan,nan
1714054292.1189773,7762,nan,nan,nan,nan,nan,nan
1714054292.1418505,7763,nan,nan,nan,nan,nan,nan
1714054292.1636987,7764,nan,nan,nan,nan,nan,nan
1714054292.1844506,7765,nan,nan,nan,nan,nan,nan
1714054292.2072995,7766,nan,nan,nan,nan,nan,nan
1714054292.2291515,7767,nan,nan,nan,nan,nan,nan
1714054292.2521317,7768,nan,nan,nan,nan,nan,nan
1714054292.2767117,7769,nan,nan,nan,nan,nan,nan
1714054292.3033867,7770,nan,nan,nan,nan,nan,nan
1714054292.3198605,7771,nan,nan,nan,nan,nan,nan
1714054292.3426487,7772,nan,nan,nan,nan,nan,nan
1714054292.3645177,7773,nan,nan,nan,nan,nan,nan
1714054292.3855097,7774,nan,nan,nan,nan,nan,nan
1714054292.4078307,7775,nan,nan,nan,nan,nan,nan
1714054292.4290783,7776,nan,nan,nan,nan,nan,nan
1714054292.450699,7777,nan,nan,nan,nan,nan,nan
1714054292.4748197,7778,nan,nan,nan,nan,nan,nan
1714054292.498445,7779,nan,nan,nan,nan,nan,nan
1714054292.5246856,7780,nan,nan,nan,nan,nan,nan
1714054292.551409,7781,nan,nan,nan,nan,nan,nan
1714054292.5713801,7782,nan,nan,nan,nan,nan,nan
1714054292.5944676,7783,nan,nan,nan,nan,nan,nan
1714054292.6165948,7784,nan,nan,nan,nan,nan,nan
1714054292.638143,7785,nan,nan,nan,nan,nan,nan
1714054292.6606946,7786,nan,nan,nan,nan,nan,nan
1714054292.6833062,7787,nan,nan,nan,nan,nan,nan
1714054292.7062392,7788,nan,nan,nan,nan,nan,nan
1714054292.7280095,7789,nan,nan,nan,nan,nan,nan
1714054292.7502725,7790,nan,nan,nan,nan,nan,nan
1714054292.7730722,7791,nan,nan,nan,nan,nan,nan
1714054292.7987435,7792,nan,nan,nan,nan,nan,nan
1714054292.818936,7793,nan,nan,nan,nan,nan,nan
1714054292.8417566,7794,nan,nan,nan,nan,nan,nan
1714054292.8651423,7795,nan,nan,nan,nan,nan,nan
1714054292.8848128,7796,nan,nan,nan,nan,nan,nan
1714054292.907597,7797,nan,nan,nan,nan,nan,nan
1714054292.9292722,7798,nan,nan,nan,nan,nan,nan
1714054292.9512846,7799,nan,nan,nan,nan,nan,nan
1714054292.976899,7800,nan,nan,nan,nan,nan,nan
1714054292.9964561,7801,nan,nan,nan,nan,nan,nan
1714054293.017265,7802,nan,nan,nan,nan,nan,nan
1714054293.038889,7803,nan,nan,nan,nan,nan,nan
1714054293.0610752,7804,nan,nan,nan,nan,nan,nan
1714054293.0829606,7805,nan,nan,nan,nan,nan,nan
1714054293.1062167,7806,nan,nan,nan,nan,nan,nan
1714054293.1296437,7807,nan,nan,nan,nan,nan,nan
1714054293.148829,7808,nan,nan,nan,nan,nan,nan
1714054293.1706321,7809,nan,nan,nan,nan,nan,nan
1714054293.193798,7810,nan,nan,nan,nan,nan,nan
1714054293.2155871,7811,nan,nan,nan,nan,nan,nan
1714054293.2378714,7812,nan,nan,nan,nan,nan,nan
1714054293.2594407,7813,nan,nan,nan,nan,nan,nan
1714054293.2805617,7814,nan,nan,nan,nan,nan,nan
1714054293.3041008,7815,nan,nan,nan,nan,nan,nan
1714054293.3281496,7816,nan,nan,nan,nan,nan,nan
1714054293.3502603,7817,nan,nan,nan,nan,nan,nan
1714054293.3738027,7818,nan,nan,nan,nan,nan,nan
1714054293.403048,7819,nan,nan,nan,nan,nan,nan
1714054293.4358084,7820,nan,nan,nan,nan,nan,nan
1714054293.4554763,7821,nan,nan,nan,nan,nan,nan
1714054293.482353,7822,nan,nan,nan,nan,nan,nan
1714054293.5204248,7823,nan,nan,nan,nan,nan,nan
1714054293.5485568,7824,nan,nan,nan,nan,nan,nan
1714054293.5904636,7825,nan,nan,nan,nan,nan,nan
1714054293.608041,7826,nan,nan,nan,nan,nan,nan
1714054293.6164412,7827,nan,nan,nan,nan,nan,nan
1714054293.6252418,7828,nan,nan,nan,nan,nan,nan
1714054293.636974,7829,nan,nan,nan,nan,nan,nan
1714054293.659028,7830,nan,nan,nan,nan,nan,nan
1714054293.6843407,7831,nan,nan,nan,nan,nan,nan
1714054293.7152195,7832,nan,nan,nan,nan,nan,nan
1714054293.742756,7833,nan,nan,nan,nan,nan,nan
1714054293.7572374,7834,nan,nan,nan,nan,nan,nan
1714054293.777519,7835,nan,nan,nan,nan,nan,nan
1714054293.7996345,7836,nan,nan,nan,nan,nan,nan
1714054293.8210018,7837,nan,nan,nan,nan,nan,nan
1714054293.844068,7838,nan,nan,nan,nan,nan,nan
1714054293.8661215,7839,nan,nan,nan,nan,nan,nan
1714054293.8880427,7840,nan,nan,nan,nan,nan,nan
1714054293.9090252,7841,nan,nan,nan,nan,nan,nan
1714054293.9311178,7842,nan,nan,nan,nan,nan,nan
1714054293.9546971,7843,nan,nan,nan,nan,nan,nan
1714054293.9857078,7844,nan,nan,nan,nan,nan,nan
1714054293.9984636,7845,nan,nan,nan,nan,nan,nan
1714054294.0217946,7846,nan,nan,nan,nan,nan,nan
1714054294.044824,7847,nan,nan,nan,nan,nan,nan
1714054294.065966,7848,nan,nan,nan,nan,nan,nan
1714054294.0890307,7849,nan,nan,nan,nan,nan,nan
1714054294.1099765,7850,nan,nan,nan,nan,nan,nan
1714054294.1341772,7851,nan,nan,nan,nan,nan,nan
1714054294.1636612,7852,nan,nan,nan,nan,nan,nan
1714054294.1849575,7853,nan,nan,nan,nan,nan,nan
1714054294.2082918,7854,nan,nan,nan,nan,nan,nan
1714054294.2302575,7855,nan,nan,nan,nan,nan,nan
1714054294.252731,7856,nan,nan,nan,nan,nan,nan
1714054294.2757256,7857,nan,nan,nan,nan,nan,nan
1714054294.2975771,7858,nan,nan,nan,nan,nan,nan
1714054294.3206816,7859,nan,nan,nan,nan,nan,nan
1714054294.3437166,7860,nan,nan,nan,nan,nan,nan
1714054294.366214,7861,nan,nan,nan,nan,nan,nan
1714054294.387917,7862,nan,nan,nan,nan,nan,nan
1714054294.4107995,7863,nan,nan,nan,nan,nan,nan
1714054294.432132,7864,nan,nan,nan,nan,nan,nan
1714054294.454446,7865,nan,nan,nan,nan,nan,nan
1714054294.476283,7866,nan,nan,nan,nan,nan,nan
1714054294.4991806,7867,nan,nan,nan,nan,nan,nan
1714054294.5211248,7868,nan,nan,nan,nan,nan,nan
1714054294.542051,7869,nan,nan,nan,nan,nan,nan
1714054294.563986,7870,nan,nan,nan,nan,nan,nan
1714054294.5868363,7871,nan,nan,nan,nan,nan,nan
1714054294.609758,7872,nan,nan,nan,nan,nan,nan
1714054294.6317778,7873,nan,nan,nan,nan,nan,nan
1714054294.6537793,7874,nan,nan,nan,nan,nan,nan
1714054294.6758163,7875,nan,nan,nan,nan,nan,nan
1714054294.6977465,7876,nan,nan,nan,nan,nan,nan
1714054294.7203052,7877,nan,nan,nan,nan,nan,nan
1714054294.7417464,7878,nan,nan,nan,nan,nan,nan
1714054294.763607,7879,nan,nan,nan,nan,nan,nan
1714054294.7851722,7880,nan,nan,nan,nan,nan,nan
1714054294.8085473,7881,nan,nan,nan,nan,nan,nan
1714054294.8321402,7882,nan,nan,nan,nan,nan,nan
1714054294.8555918,7883,nan,nan,nan,nan,nan,nan
1714054294.8797133,7884,nan,nan,nan,nan,nan,nan
1714054294.8987336,7885,nan,nan,nan,nan,nan,nan
1714054294.9211004,7886,nan,nan,nan,nan,nan,nan
1714054294.9430943,7887,nan,nan,nan,nan,nan,nan
1714054294.964878,7888,nan,nan,nan,nan,nan,nan
1714054294.9877307,7889,nan,nan,nan,nan,nan,nan
1714054295.0098026,7890,nan,nan,nan,nan,nan,nan
1714054295.0313625,7891,nan,nan,nan,nan,nan,nan
1714054295.0542097,7892,nan,nan,nan,nan,nan,nan
1714054295.076165,7893,nan,nan,nan,nan,nan,nan
1714054295.0986612,7894,nan,nan,nan,nan,nan,nan
1714054295.1191318,7895,nan,nan,nan,nan,nan,nan
1714054295.1429656,7896,nan,nan,nan,nan,nan,nan
1714054295.1649163,7897,nan,nan,nan,nan,nan,nan
1714054295.1869361,7898,nan,nan,nan,nan,nan,nan
1714054295.209978,7899,nan,nan,nan,nan,nan,nan
1714054295.233058,7900,nan,nan,nan,nan,nan,nan
1714054295.2545238,7901,nan,nan,nan,nan,nan,nan
1714054295.2795565,7902,nan,nan,nan,nan,nan,nan
1714054295.3034713,7903,nan,nan,nan,nan,nan,nan
1714054295.3284268,7904,nan,nan,nan,nan,nan,nan
1714054295.3560429,7905,nan,nan,nan,nan,nan,nan
1714054295.3896003,7906,nan,nan,nan,nan,nan,nan
1714054295.407892,7907,nan,nan,nan,nan,nan,nan
1714054295.4254808,7908,nan,nan,nan,nan,nan,nan
1714054295.4438798,7909,nan,nan,nan,nan,nan,nan
1714054295.4669495,7910,nan,nan,nan,nan,nan,nan
1714054295.4892192,7911,nan,nan,nan,nan,nan,nan
1714054295.5102382,7912,nan,nan,nan,nan,nan,nan
1714054295.532974,7913,nan,nan,nan,nan,nan,nan
1714054295.5572674,7914,nan,nan,nan,nan,nan,nan
1714054295.5772786,7915,nan,nan,nan,nan,nan,nan
1714054295.602499,7916,nan,nan,nan,nan,nan,nan
1714054295.6244862,7917,nan,nan,nan,nan,nan,nan
1714054295.6464064,7918,nan,nan,nan,nan,nan,nan
1714054295.6676166,7919,nan,nan,nan,nan,nan,nan
1714054295.6931098,7920,nan,nan,nan,nan,nan,nan
1714054295.720339,7921,nan,nan,nan,nan,nan,nan
1714054295.7500846,7922,nan,nan,nan,nan,nan,nan
1714054295.7586255,7923,nan,nan,nan,nan,nan,nan
1714054295.7806408,7924,nan,nan,nan,nan,nan,nan
1714054295.8046095,7925,nan,nan,nan,nan,nan,nan
1714054295.8288088,7926,nan,nan,nan,nan,nan,nan
1714054295.8502598,7927,nan,nan,nan,nan,nan,nan
1714054295.8720598,7928,nan,nan,nan,nan,nan,nan
1714054295.8951783,7929,nan,nan,nan,nan,nan,nan
1714054295.9167538,7930,nan,nan,nan,nan,nan,nan
1714054295.940252,7931,nan,nan,nan,nan,nan,nan
1714054295.962218,7932,nan,nan,nan,nan,nan,nan
1714054295.9855077,7933,nan,nan,nan,nan,nan,nan
1714054296.0102937,7934,nan,nan,nan,nan,nan,nan
1714054296.0322134,7935,nan,nan,nan,nan,nan,nan
1714054296.0550923,7936,nan,nan,nan,nan,nan,nan
1714054296.0759983,7937,nan,nan,nan,nan,nan,nan
1714054296.099406,7938,nan,nan,nan,nan,nan,nan
1714054296.1231918,7939,nan,nan,nan,nan,nan,nan
1714054296.1454954,7940,nan,nan,nan,nan,nan,nan
1714054296.1680994,7941,nan,nan,nan,nan,nan,nan
1714054296.192886,7942,nan,nan,nan,nan,nan,nan
1714054296.2153356,7943,nan,nan,nan,nan,nan,nan
1714054296.2371013,7944,nan,nan,nan,nan,nan,nan
1714054296.261047,7945,nan,nan,nan,nan,nan,nan
1714054296.2838573,7946,nan,nan,nan,nan,nan,nan
1714054296.3055747,7947,nan,nan,nan,nan,nan,nan
1714054296.3283877,7948,nan,nan,nan,nan,nan,nan
1714054296.350136,7949,nan,nan,nan,nan,nan,nan
1714054296.3729675,7950,nan,nan,nan,nan,nan,nan
1714054296.3949847,7951,nan,nan,nan,nan,nan,nan
1714054296.4173372,7952,nan,nan,nan,nan,nan,nan
1714054296.441977,7953,nan,nan,nan,nan,nan,nan
1714054296.4641492,7954,nan,nan,nan,nan,nan,nan
1714054296.4854248,7955,nan,nan,nan,nan,nan,nan
1714054296.5104935,7956,nan,nan,nan,nan,nan,nan
1714054296.5324097,7957,nan,nan,nan,nan,nan,nan
1714054296.5555522,7958,nan,nan,nan,nan,nan,nan
1714054296.579583,7959,nan,nan,nan,nan,nan,nan
1714054296.6034994,7960,nan,nan,nan,nan,nan,nan
1714054296.6251252,7961,nan,nan,nan,nan,nan,nan
1714054296.652257,7962,nan,nan,nan,nan,nan,nan
1714054296.6745114,7963,nan,nan,nan,nan,nan,nan
1714054296.697422,7964,nan,nan,nan,nan,nan,nan
1714054296.7195976,7965,nan,nan,nan,nan,nan,nan
1714054296.742891,7966,nan,nan,nan,nan,nan,nan
1714054296.7640207,7967,nan,nan,nan,nan,nan,nan
1714054296.785999,7968,nan,nan,nan,nan,nan,nan
1714054296.8079243,7969,nan,nan,nan,nan,nan,nan
1714054296.829843,7970,nan,nan,nan,nan,nan,nan
1714054296.8527994,7971,nan,nan,nan,nan,nan,nan
1714054296.875569,7972,nan,nan,nan,nan,nan,nan
1714054296.8957007,7973,nan,nan,nan,nan,nan,nan
1714054296.918539,7974,nan,nan,nan,nan,nan,nan
1714054296.9413984,7975,nan,nan,nan,nan,nan,nan
1714054296.9633052,7976,nan,nan,nan,nan,nan,nan
1714054296.9852333,7977,nan,nan,nan,nan,nan,nan
1714054297.0088303,7978,nan,nan,nan,nan,nan,nan
1714054297.033868,7979,nan,nan,nan,nan,nan,nan
1714054297.0558512,7980,nan,nan,nan,nan,nan,nan
1714054297.077859,7981,nan,nan,nan,nan,nan,nan
1714054297.1008596,7982,nan,nan,nan,nan,nan,nan
1714054297.122012,7983,nan,nan,nan,nan,nan,nan
1714054297.1440694,7984,nan,nan,nan,nan,nan,nan
1714054297.1659403,7985,nan,nan,nan,nan,nan,nan
1714054297.188838,7986,nan,nan,nan,nan,nan,nan
1714054297.2097697,7987,nan,nan,nan,nan,nan,nan
1714054297.2316465,7988,nan,nan,nan,nan,nan,nan
1714054297.254521,7989,nan,nan,nan,nan,nan,nan
1714054297.2768128,7990,nan,nan,nan,nan,nan,nan
1714054297.3042836,7991,nan,nan,nan,nan,nan,nan
1714054297.3236454,7992,nan,nan,nan,nan,nan,nan
1714054297.3470957,7993,nan,nan,nan,nan,nan,nan
1714054297.370126,7994,nan,nan,nan,nan,nan,nan
1714054297.3935797,7995,nan,nan,nan,nan,nan,nan
1714054297.4175222,7996,nan,nan,nan,nan,nan,nan
1714054297.4405665,7997,nan,nan,nan,nan,nan,nan
1714054297.4613526,7998,nan,nan,nan,nan,nan,nan
1714054297.4893131,7999,nan,nan,nan,nan,nan,nan
1714054297.5071974,8000,nan,nan,nan,nan,nan,nan
1714054297.5298264,8001,nan,nan,nan,nan,nan,nan
1714054297.5523448,8002,nan,nan,nan,nan,nan,nan
1714054297.575389,8003,nan,nan,nan,nan,nan,nan
1714054297.5987408,8004,nan,nan,nan,nan,nan,nan
1714054297.622486,8005,nan,nan,nan,nan,nan,nan
1714054297.6427984,8006,nan,nan,nan,nan,nan,nan
1714054297.6649082,8007,nan,nan,nan,nan,nan,nan
1714054297.687374,8008,nan,nan,nan,nan,nan,nan
1714054297.7093768,8009,nan,nan,nan,nan,nan,nan
1714054297.731345,8010,nan,nan,nan,nan,nan,nan
1714054297.7537205,8011,nan,nan,nan,nan,nan,nan
1714054297.7767718,8012,nan,nan,nan,nan,nan,nan
1714054297.7996814,8013,nan,nan,nan,nan,nan,nan
1714054297.8217137,8014,nan,nan,nan,nan,nan,nan
1714054297.84355,8015,nan,nan,nan,nan,nan,nan
1714054297.866458,8016,nan,nan,nan,nan,nan,nan
1714054297.8887887,8017,nan,nan,nan,nan,nan,nan
1714054297.9101663,8018,nan,nan,nan,nan,nan,nan
1714054297.933157,8019,nan,nan,nan,nan,nan,nan
1714054297.955237,8020,nan,nan,nan,nan,nan,nan
1714054297.976419,8021,nan,nan,nan,nan,nan,nan
1714054297.9984293,8022,nan,nan,nan,nan,nan,nan
1714054298.020276,8023,nan,nan,nan,nan,nan,nan
1714054298.0420659,8024,nan,nan,nan,nan,nan,nan
1714054298.064925,8025,nan,nan,nan,nan,nan,nan
1714054298.0869925,8026,nan,nan,nan,nan,nan,nan
1714054298.108518,8027,nan,nan,nan,nan,nan,nan
1714054298.1306286,8028,nan,nan,nan,nan,nan,nan
1714054298.1529012,8029,nan,nan,nan,nan,nan,nan
1714054298.1748345,8030,nan,nan,nan,nan,nan,nan
1714054298.1968439,8031,nan,nan,nan,nan,nan,nan
1714054298.219834,8032,nan,nan,nan,nan,nan,nan
1714054298.241984,8033,nan,nan,nan,nan,nan,nan
1714054298.2641013,8034,nan,nan,nan,nan,nan,nan
1714054298.2860098,8035,nan,nan,nan,nan,nan,nan
1714054298.3080075,8036,nan,nan,nan,nan,nan,nan
1714054298.3389542,8037,nan,nan,nan,nan,nan,nan
1714054298.3645394,8038,nan,nan,nan,nan,nan,nan
1714054298.3765547,8039,nan,nan,nan,nan,nan,nan
1714054298.400285,8040,nan,nan,nan,nan,nan,nan
1714054298.4224198,8041,nan,nan,nan,nan,nan,nan
1714054298.4442642,8042,nan,nan,nan,nan,nan,nan
1714054298.4653697,8043,nan,nan,nan,nan,nan,nan
1714054298.489338,8044,nan,nan,nan,nan,nan,nan
1714054298.5095494,8045,nan,nan,nan,nan,nan,nan
1714054298.5336142,8046,nan,nan,nan,nan,nan,nan
1714054298.5544937,8047,nan,nan,nan,nan,nan,nan
1714054298.576254,8048,nan,nan,nan,nan,nan,nan
1714054298.6000226,8049,nan,nan,nan,nan,nan,nan
1714054298.623027,8050,nan,nan,nan,nan,nan,nan
1714054298.6641886,8051,nan,nan,nan,nan,nan,nan
1714054298.7002683,8052,nan,nan,nan,nan,nan,nan
1714054298.7325926,8053,nan,nan,nan,nan,nan,nan
1714054298.7433367,8054,nan,nan,nan,nan,nan,nan
1714054298.75455,8055,nan,nan,nan,nan,nan,nan
1714054298.7623048,8056,nan,nan,nan,nan,nan,nan
1714054298.7831233,8057,nan,nan,nan,nan,nan,nan
1714054298.8064418,8058,nan,nan,nan,nan,nan,nan
1714054298.8389857,8059,nan,nan,nan,nan,nan,nan
1714054298.851038,8060,nan,nan,nan,nan,nan,nan
1714054298.8742914,8061,nan,nan,nan,nan,nan,nan
1714054298.896504,8062,nan,nan,nan,nan,nan,nan
1714054298.918387,8063,nan,nan,nan,nan,nan,nan
1714054298.9392567,8064,nan,nan,nan,nan,nan,nan
1714054298.9624736,8065,nan,nan,nan,nan,nan,nan
1714054298.9844937,8066,nan,nan,nan,nan,nan,nan
1714054299.0063841,8067,nan,nan,nan,nan,nan,nan
1714054299.028779,8068,nan,nan,nan,nan,nan,nan
1714054299.0506961,8069,nan,nan,nan,nan,nan,nan
1714054299.0729146,8070,nan,nan,nan,nan,nan,nan
1714054299.0947702,8071,nan,nan,nan,nan,nan,nan
1714054299.1176817,8072,nan,nan,nan,nan,nan,nan
1714054299.139983,8073,nan,nan,nan,nan,nan,nan
1714054299.162872,8074,nan,nan,nan,nan,nan,nan
1714054299.1839888,8075,nan,nan,nan,nan,nan,nan
1714054299.2063448,8076,nan,nan,nan,nan,nan,nan
1714054299.2281036,8077,nan,nan,nan,nan,nan,nan
1714054299.2507448,8078,nan,nan,nan,nan,nan,nan
1714054299.2840009,8079,nan,nan,nan,nan,nan,nan
1714054299.3254879,8080,nan,nan,nan,nan,nan,nan
1714054299.3656967,8081,nan,nan,nan,nan,nan,nan
1714054299.4091036,8082,nan,nan,nan,nan,nan,nan
1714054299.4212854,8083,nan,nan,nan,nan,nan,nan
1714054299.435662,8084,nan,nan,nan,nan,nan,nan
1714054299.446407,8085,nan,nan,nan,nan,nan,nan
1714054299.459281,8086,nan,nan,nan,nan,nan,nan
1714054299.481439,8087,nan,nan,nan,nan,nan,nan
1714054299.5052826,8088,nan,nan,nan,nan,nan,nan
1714054299.5334752,8089,nan,nan,nan,nan,nan,nan
1714054299.5723975,8090,nan,nan,nan,nan,nan,nan
1714054299.604098,8091,nan,nan,nan,nan,nan,nan
1714054299.645101,8092,nan,nan,nan,nan,nan,nan
1714054299.6654234,8093,nan,nan,nan,nan,nan,nan
1714054299.6930113,8094,nan,nan,nan,nan,nan,nan
1714054299.727717,8095,nan,nan,nan,nan,nan,nan
1714054299.7517076,8096,nan,nan,nan,nan,nan,nan
1714054299.7618506,8097,nan,nan,nan,nan,nan,nan
1714054299.7708664,8098,nan,nan,nan,nan,nan,nan
1714054299.7795012,8099,nan,nan,nan,nan,nan,nan
1714054299.800242,8100,nan,nan,nan,nan,nan,nan
1714054299.823232,8101,nan,nan,nan,nan,nan,nan
1714054299.8443604,8102,nan,nan,nan,nan,nan,nan
1714054299.8665867,8103,nan,nan,nan,nan,nan,nan
1714054299.888229,8104,nan,nan,nan,nan,nan,nan
1714054299.9095666,8105,nan,nan,nan,nan,nan,nan
1714054299.9308226,8106,nan,nan,nan,nan,nan,nan
1714054299.954225,8107,nan,nan,nan,nan,nan,nan
1714054299.979783,8108,nan,nan,nan,nan,nan,nan
1714054300.0086744,8109,nan,nan,nan,nan,nan,nan
1714054300.024609,8110,nan,nan,nan,nan,nan,nan
1714054300.0477278,8111,nan,nan,nan,nan,nan,nan
1714054300.088589,8112,nan,nan,nan,nan,nan,nan
1714054300.1089683,8113,nan,nan,nan,nan,nan,nan
1714054300.122697,8114,nan,nan,nan,nan,nan,nan
1714054300.1439812,8115,nan,nan,nan,nan,nan,nan
1714054300.167129,8116,nan,nan,nan,nan,nan,nan
1714054300.1900096,8117,nan,nan,nan,nan,nan,nan
1714054300.2121937,8118,nan,nan,nan,nan,nan,nan
1714054300.2341619,8119,nan,nan,nan,nan,nan,nan
1714054300.2550554,8120,nan,nan,nan,nan,nan,nan
1714054300.2779334,8121,nan,nan,nan,nan,nan,nan
1714054300.299934,8122,nan,nan,nan,nan,nan,nan
1714054300.3218985,8123,nan,nan,nan,nan,nan,nan
1714054300.3447332,8124,nan,nan,nan,nan,nan,nan
1714054300.3676612,8125,nan,nan,nan,nan,nan,nan
1714054300.389584,8126,nan,nan,nan,nan,nan,nan
1714054300.4113078,8127,nan,nan,nan,nan,nan,nan
1714054300.4331334,8128,nan,nan,nan,nan,nan,nan
1714054300.4549434,8129,nan,nan,nan,nan,nan,nan
1714054300.4767523,8130,nan,nan,nan,nan,nan,nan
1714054300.4986448,8131,nan,nan,nan,nan,nan,nan
1714054300.5205755,8132,nan,nan,nan,nan,nan,nan
1714054300.5424953,8133,nan,nan,nan,nan,nan,nan
1714054300.5648093,8134,nan,nan,nan,nan,nan,nan
1714054300.5861027,8135,nan,nan,nan,nan,nan,nan
1714054300.607856,8136,nan,nan,nan,nan,nan,nan
1714054300.6305315,8137,nan,nan,nan,nan,nan,nan
1714054300.652453,8138,nan,nan,nan,nan,nan,nan
1714054300.674282,8139,nan,nan,nan,nan,nan,nan
1714054300.6960406,8140,nan,nan,nan,nan,nan,nan
1714054300.7178626,8141,nan,nan,nan,nan,nan,nan
1714054300.7407389,8142,nan,nan,nan,nan,nan,nan
1714054300.7625554,8143,nan,nan,nan,nan,nan,nan
1714054300.7844222,8144,nan,nan,nan,nan,nan,nan
1714054300.8073528,8145,nan,nan,nan,nan,nan,nan
1714054300.830232,8146,nan,nan,nan,nan,nan,nan
1714054300.853092,8147,nan,nan,nan,nan,nan,nan
1714054300.8750422,8148,nan,nan,nan,nan,nan,nan
1714054300.8959882,8149,nan,nan,nan,nan,nan,nan
1714054300.9187005,8150,nan,nan,nan,nan,nan,nan
1714054300.9415448,8151,nan,nan,nan,nan,nan,nan
1714054300.9650059,8152,nan,nan,nan,nan,nan,nan
1714054300.9843457,8153,nan,nan,nan,nan,nan,nan
1714054301.0051436,8154,nan,nan,nan,nan,nan,nan
1714054301.0271788,8155,nan,nan,nan,nan,nan,nan
1714054301.0501385,8156,nan,nan,nan,nan,nan,nan
1714054301.0721726,8157,nan,nan,nan,nan,nan,nan
1714054301.0950253,8158,nan,nan,nan,nan,nan,nan
1714054301.1214666,8159,nan,nan,nan,nan,nan,nan
1714054301.1447406,8160,nan,nan,nan,nan,nan,nan
1714054301.1677387,8161,nan,nan,nan,nan,nan,nan
1714054301.18946,8162,nan,nan,nan,nan,nan,nan
1714054301.2111273,8163,nan,nan,nan,nan,nan,nan
1714054301.2348218,8164,nan,nan,nan,nan,nan,nan
1714054301.2608345,8165,nan,nan,nan,nan,nan,nan
1714054301.2835984,8166,nan,nan,nan,nan,nan,nan
1714054301.3048482,8167,nan,nan,nan,nan,nan,nan
1714054301.3290608,8168,nan,nan,nan,nan,nan,nan
1714054301.3499317,8169,nan,nan,nan,nan,nan,nan
1714054301.371995,8170,nan,nan,nan,nan,nan,nan
1714054301.393955,8171,nan,nan,nan,nan,nan,nan
1714054301.414965,8172,nan,nan,nan,nan,nan,nan
1714054301.4378645,8173,nan,nan,nan,nan,nan,nan
1714054301.4599242,8174,nan,nan,nan,nan,nan,nan
1714054301.482154,8175,nan,nan,nan,nan,nan,nan
1714054301.5050359,8176,nan,nan,nan,nan,nan,nan
1714054301.5304906,8177,nan,nan,nan,nan,nan,nan
1714054301.5534625,8178,nan,nan,nan,nan,nan,nan
1714054301.5755963,8179,nan,nan,nan,nan,nan,nan
1714054301.6079173,8180,nan,nan,nan,nan,nan,nan
1714054301.6491408,8181,nan,nan,nan,nan,nan,nan
1714054301.6646984,8182,nan,nan,nan,nan,nan,nan
1714054301.6752117,8183,nan,nan,nan,nan,nan,nan
1714054301.6881404,8184,nan,nan,nan,nan,nan,nan
1714054301.710137,8185,nan,nan,nan,nan,nan,nan
1714054301.7317486,8186,nan,nan,nan,nan,nan,nan
1714054301.7549667,8187,nan,nan,nan,nan,nan,nan
1714054301.7769413,8188,nan,nan,nan,nan,nan,nan
1714054301.7993438,8189,nan,nan,nan,nan,nan,nan
1714054301.8203418,8190,nan,nan,nan,nan,nan,nan
1714054301.84244,8191,nan,nan,nan,nan,nan,nan
1714054301.8636076,8192,nan,nan,nan,nan,nan,nan
1714054301.8855073,8193,nan,nan,nan,nan,nan,nan
1714054301.9085567,8194,nan,nan,nan,nan,nan,nan
1714054301.9315186,8195,nan,nan,nan,nan,nan,nan
1714054301.959845,8196,nan,nan,nan,nan,nan,nan
1714054301.9767818,8197,nan,nan,nan,nan,nan,nan
1714054302.000159,8198,nan,nan,nan,nan,nan,nan
1714054302.0227394,8199,nan,nan,nan,nan,nan,nan
1714054302.0454192,8200,nan,nan,nan,nan,nan,nan
1714054302.0675838,8201,nan,nan,nan,nan,nan,nan
1714054302.0897863,8202,nan,nan,nan,nan,nan,nan
1714054302.111996,8203,nan,nan,nan,nan,nan,nan
1714054302.1348548,8204,nan,nan,nan,nan,nan,nan
1714054302.157756,8205,nan,nan,nan,nan,nan,nan
1714054302.179457,8206,nan,nan,nan,nan,nan,nan
1714054302.201352,8207,nan,nan,nan,nan,nan,nan
1714054302.223316,8208,nan,nan,nan,nan,nan,nan
1714054302.2443116,8209,nan,nan,nan,nan,nan,nan
1714054302.267742,8210,nan,nan,nan,nan,nan,nan
1714054302.289302,8211,nan,nan,nan,nan,nan,nan
1714054302.3109872,8212,nan,nan,nan,nan,nan,nan
1714054302.332129,8213,nan,nan,nan,nan,nan,nan
1714054302.3554764,8214,nan,nan,nan,nan,nan,nan
1714054302.3795063,8215,nan,nan,nan,nan,nan,nan
1714054302.4004204,8216,nan,nan,nan,nan,nan,nan
1714054302.422294,8217,nan,nan,nan,nan,nan,nan
1714054302.443122,8218,nan,nan,nan,nan,nan,nan
1714054302.465923,8219,nan,nan,nan,nan,nan,nan
1714054302.4877381,8220,nan,nan,nan,nan,nan,nan
1714054302.509575,8221,nan,nan,nan,nan,nan,nan
1714054302.5323162,8222,nan,nan,nan,nan,nan,nan
1714054302.554084,8223,nan,nan,nan,nan,nan,nan
1714054302.576987,8224,nan,nan,nan,nan,nan,nan
1714054302.5989745,8225,nan,nan,nan,nan,nan,nan
1714054302.620987,8226,nan,nan,nan,nan,nan,nan
1714054302.6430438,8227,nan,nan,nan,nan,nan,nan
1714054302.6651556,8228,nan,nan,nan,nan,nan,nan
1714054302.6886935,8229,nan,nan,nan,nan,nan,nan
1714054302.710776,8230,nan,nan,nan,nan,nan,nan
1714054302.7348447,8231,nan,nan,nan,nan,nan,nan
1714054302.7549584,8232,nan,nan,nan,nan,nan,nan
1714054302.7772124,8233,nan,nan,nan,nan,nan,nan
1714054302.7997952,8234,nan,nan,nan,nan,nan,nan
1714054302.8236744,8235,nan,nan,nan,nan,nan,nan
1714054302.8466778,8236,nan,nan,nan,nan,nan,nan
1714054302.870813,8237,nan,nan,nan,nan,nan,nan
1714054302.891275,8238,nan,nan,nan,nan,nan,nan
1714054302.912272,8239,nan,nan,nan,nan,nan,nan
1714054302.9364884,8240,nan,nan,nan,nan,nan,nan
1714054302.9576812,8241,nan,nan,nan,nan,nan,nan
1714054302.9805803,8242,nan,nan,nan,nan,nan,nan
1714054303.0034118,8243,nan,nan,nan,nan,nan,nan
1714054303.025269,8244,nan,nan,nan,nan,nan,nan
1714054303.0472426,8245,nan,nan,nan,nan,nan,nan
1714054303.0692818,8246,nan,nan,nan,nan,nan,nan
1714054303.0912826,8247,nan,nan,nan,nan,nan,nan
1714054303.1131148,8248,nan,nan,nan,nan,nan,nan
1714054303.1358962,8249,nan,nan,nan,nan,nan,nan
1714054303.15772,8250,nan,nan,nan,nan,nan,nan
1714054303.1808438,8251,nan,nan,nan,nan,nan,nan
1714054303.2017977,8252,nan,nan,nan,nan,nan,nan
1714054303.223716,8253,nan,nan,nan,nan,nan,nan
1714054303.2474377,8254,nan,nan,nan,nan,nan,nan
1714054303.2700822,8255,nan,nan,nan,nan,nan,nan
1714054303.295065,8256,nan,nan,nan,nan,nan,nan
1714054303.318615,8257,nan,nan,nan,nan,nan,nan
1714054303.3447618,8258,nan,nan,nan,nan,nan,nan
1714054303.3668656,8259,nan,nan,nan,nan,nan,nan
1714054303.38974,8260,nan,nan,nan,nan,nan,nan
1714054303.4118466,8261,nan,nan,nan,nan,nan,nan
1714054303.4338734,8262,nan,nan,nan,nan,nan,nan
1714054303.4567645,8263,nan,nan,nan,nan,nan,nan
1714054303.479836,8264,nan,nan,nan,nan,nan,nan
1714054303.50025,8265,nan,nan,nan,nan,nan,nan
1714054303.5230186,8266,nan,nan,nan,nan,nan,nan
1714054303.5470061,8267,nan,nan,nan,nan,nan,nan
1714054303.566935,8268,nan,nan,nan,nan,nan,nan
1714054303.5885532,8269,nan,nan,nan,nan,nan,nan
1714054303.611472,8270,nan,nan,nan,nan,nan,nan
1714054303.6341662,8271,nan,nan,nan,nan,nan,nan
1714054303.6568966,8272,nan,nan,nan,nan,nan,nan
1714054303.6809518,8273,nan,nan,nan,nan,nan,nan
1714054303.70293,8274,nan,nan,nan,nan,nan,nan
1714054303.7253993,8275,nan,nan,nan,nan,nan,nan
1714054303.7476177,8276,nan,nan,nan,nan,nan,nan
1714054303.7705443,8277,nan,nan,nan,nan,nan,nan
1714054303.7939236,8278,nan,nan,nan,nan,nan,nan
1714054303.8171794,8279,nan,nan,nan,nan,nan,nan
1714054303.8388658,8280,nan,nan,nan,nan,nan,nan
1714054303.8644443,8281,nan,nan,nan,nan,nan,nan
1714054303.9053898,8282,nan,nan,nan,nan,nan,nan
1714054303.9419708,8283,nan,nan,nan,nan,nan,nan
1714054303.9585388,8284,nan,nan,nan,nan,nan,nan
1714054303.9685183,8285,nan,nan,nan,nan,nan,nan
1714054303.977469,8286,nan,nan,nan,nan,nan,nan
1714054304.0010173,8287,nan,nan,nan,nan,nan,nan
1714054304.021857,8288,nan,nan,nan,nan,nan,nan
1714054304.0447664,8289,nan,nan,nan,nan,nan,nan
1714054304.0691752,8290,nan,nan,nan,nan,nan,nan
1714054304.0948067,8291,nan,nan,nan,nan,nan,nan
1714054304.1181443,8292,nan,nan,nan,nan,nan,nan
1714054304.1421125,8293,nan,nan,nan,nan,nan,nan
1714054304.1624277,8294,nan,nan,nan,nan,nan,nan
1714054304.1841013,8295,nan,nan,nan,nan,nan,nan
1714054304.2069895,8296,nan,nan,nan,nan,nan,nan
1714054304.2298586,8297,nan,nan,nan,nan,nan,nan
1714054304.2517679,8298,nan,nan,nan,nan,nan,nan
1714054304.2737346,8299,nan,nan,nan,nan,nan,nan
1714054304.2952383,8300,nan,nan,nan,nan,nan,nan
1714054304.3173652,8301,nan,nan,nan,nan,nan,nan
1714054304.3536973,8302,nan,nan,nan,nan,nan,nan
1714054304.37543,8303,nan,nan,nan,nan,nan,nan
1714054304.388933,8304,nan,nan,nan,nan,nan,nan
1714054304.405281,8305,nan,nan,nan,nan,nan,nan
1714054304.4295573,8306,nan,nan,nan,nan,nan,nan
1714054304.454947,8307,nan,nan,nan,nan,nan,nan
1714054304.4788117,8308,nan,nan,nan,nan,nan,nan
1714054304.5001657,8309,nan,nan,nan,nan,nan,nan
1714054304.5258548,8310,nan,nan,nan,nan,nan,nan
1714054304.547953,8311,nan,nan,nan,nan,nan,nan
1714054304.5709116,8312,nan,nan,nan,nan,nan,nan
1714054304.5945282,8313,nan,nan,nan,nan,nan,nan
1714054304.6162364,8314,nan,nan,nan,nan,nan,nan
1714054304.6382022,8315,nan,nan,nan,nan,nan,nan
1714054304.6600597,8316,nan,nan,nan,nan,nan,nan
1714054304.6829436,8317,nan,nan,nan,nan,nan,nan
1714054304.7046945,8318,nan,nan,nan,nan,nan,nan
1714054304.7264707,8319,nan,nan,nan,nan,nan,nan
1714054304.7482107,8320,nan,nan,nan,nan,nan,nan
1714054304.7710419,8321,nan,nan,nan,nan,nan,nan
1714054304.794005,8322,nan,nan,nan,nan,nan,nan
1714054304.8157926,8323,nan,nan,nan,nan,nan,nan
1714054304.8385646,8324,nan,nan,nan,nan,nan,nan
1714054304.8594825,8325,nan,nan,nan,nan,nan,nan
1714054304.8812973,8326,nan,nan,nan,nan,nan,nan
1714054304.9043307,8327,nan,nan,nan,nan,nan,nan
1714054304.9261785,8328,nan,nan,nan,nan,nan,nan
1714054304.949208,8329,nan,nan,nan,nan,nan,nan
1714054304.9703348,8330,nan,nan,nan,nan,nan,nan
1714054304.9923909,8331,nan,nan,nan,nan,nan,nan
1714054305.0159597,8332,nan,nan,nan,nan,nan,nan
1714054305.0382743,8333,nan,nan,nan,nan,nan,nan
1714054305.0592735,8334,nan,nan,nan,nan,nan,nan
1714054305.081109,8335,nan,nan,nan,nan,nan,nan
1714054305.1041236,8336,nan,nan,nan,nan,nan,nan
1714054305.126188,8337,nan,nan,nan,nan,nan,nan
1714054305.148175,8338,nan,nan,nan,nan,nan,nan
1714054305.1716428,8339,nan,nan,nan,nan,nan,nan
1714054305.1940734,8340,nan,nan,nan,nan,nan,nan
1714054305.2158856,8341,nan,nan,nan,nan,nan,nan
1714054305.2386277,8342,nan,nan,nan,nan,nan,nan
1714054305.2612383,8343,nan,nan,nan,nan,nan,nan
1714054305.283038,8344,nan,nan,nan,nan,nan,nan
1714054305.3050752,8345,nan,nan,nan,nan,nan,nan
1714054305.3277113,8346,nan,nan,nan,nan,nan,nan
1714054305.3505168,8347,nan,nan,nan,nan,nan,nan
1714054305.3765502,8348,nan,nan,nan,nan,nan,nan
1714054305.3956301,8349,nan,nan,nan,nan,nan,nan
1714054305.4182649,8350,nan,nan,nan,nan,nan,nan
1714054305.4426827,8351,nan,nan,nan,nan,nan,nan
1714054305.465499,8352,nan,nan,nan,nan,nan,nan
1714054305.486402,8353,nan,nan,nan,nan,nan,nan
1714054305.50943,8354,nan,nan,nan,nan,nan,nan
1714054305.532289,8355,nan,nan,nan,nan,nan,nan
1714054305.5546281,8356,nan,nan,nan,nan,nan,nan
1714054305.577923,8357,nan,nan,nan,nan,nan,nan
1714054305.6007795,8358,nan,nan,nan,nan,nan,nan
1714054305.625132,8359,nan,nan,nan,nan,nan,nan
1714054305.6461172,8360,nan,nan,nan,nan,nan,nan
1714054305.6693852,8361,nan,nan,nan,nan,nan,nan
1714054305.6911764,8362,nan,nan,nan,nan,nan,nan
1714054305.7226045,8363,nan,nan,nan,nan,nan,nan
1714054305.7473783,8364,nan,nan,nan,nan,nan,nan
1714054305.7588987,8365,nan,nan,nan,nan,nan,nan
1714054305.7810974,8366,nan,nan,nan,nan,nan,nan
1714054305.8041232,8367,nan,nan,nan,nan,nan,nan
1714054305.8254004,8368,nan,nan,nan,nan,nan,nan
1714054305.8474376,8369,nan,nan,nan,nan,nan,nan
1714054305.8697479,8370,nan,nan,nan,nan,nan,nan
1714054305.8918455,8371,nan,nan,nan,nan,nan,nan
1714054305.9184852,8372,nan,nan,nan,nan,nan,nan
1714054305.9371414,8373,nan,nan,nan,nan,nan,nan
1714054305.959312,8374,nan,nan,nan,nan,nan,nan
1714054305.983577,8375,nan,nan,nan,nan,nan,nan
1714054306.0080795,8376,nan,nan,nan,nan,nan,nan
1714054306.0318964,8377,nan,nan,nan,nan,nan,nan
1714054306.0556028,8378,nan,nan,nan,nan,nan,nan
1714054306.0785275,8379,nan,nan,nan,nan,nan,nan
1714054306.100703,8380,nan,nan,nan,nan,nan,nan
1714054306.1236806,8381,nan,nan,nan,nan,nan,nan
1714054306.145697,8382,nan,nan,nan,nan,nan,nan
1714054306.1676302,8383,nan,nan,nan,nan,nan,nan
1714054306.1898303,8384,nan,nan,nan,nan,nan,nan
1714054306.2139592,8385,nan,nan,nan,nan,nan,nan
1714054306.2364576,8386,nan,nan,nan,nan,nan,nan
1714054306.2580469,8387,nan,nan,nan,nan,nan,nan
1714054306.278212,8388,nan,nan,nan,nan,nan,nan
1714054306.3012598,8389,nan,nan,nan,nan,nan,nan
1714054306.322444,8390,nan,nan,nan,nan,nan,nan
1714054306.344401,8391,nan,nan,nan,nan,nan,nan
1714054306.3662605,8392,nan,nan,nan,nan,nan,nan
1714054306.389351,8393,nan,nan,nan,nan,nan,nan
1714054306.411229,8394,nan,nan,nan,nan,nan,nan
1714054306.4334567,8395,nan,nan,nan,nan,nan,nan
1714054306.4568977,8396,nan,nan,nan,nan,nan,nan
1714054306.477612,8397,nan,nan,nan,nan,nan,nan
1714054306.4996104,8398,nan,nan,nan,nan,nan,nan
1714054306.5232172,8399,nan,nan,nan,nan,nan,nan
1714054306.5455387,8400,nan,nan,nan,nan,nan,nan
1714054306.5699012,8401,nan,nan,nan,nan,nan,nan
1714054306.5919402,8402,nan,nan,nan,nan,nan,nan
1714054306.613856,8403,nan,nan,nan,nan,nan,nan
1714054306.636763,8404,nan,nan,nan,nan,nan,nan
1714054306.6588752,8405,nan,nan,nan,nan,nan,nan
1714054306.680596,8406,nan,nan,nan,nan,nan,nan
1714054306.7032113,8407,nan,nan,nan,nan,nan,nan
1714054306.7249522,8408,nan,nan,nan,nan,nan,nan
1714054306.7467823,8409,nan,nan,nan,nan,nan,nan
1714054306.7685287,8410,nan,nan,nan,nan,nan,nan
1714054306.7905586,8411,nan,nan,nan,nan,nan,nan
1714054306.8140874,8412,nan,nan,nan,nan,nan,nan
1714054306.8358903,8413,nan,nan,nan,nan,nan,nan
1714054306.8591137,8414,nan,nan,nan,nan,nan,nan
1714054306.8805456,8415,nan,nan,nan,nan,nan,nan
1714054306.902614,8416,nan,nan,nan,nan,nan,nan
1714054306.926536,8417,nan,nan,nan,nan,nan,nan
1714054306.9493806,8418,nan,nan,nan,nan,nan,nan
1714054306.9725757,8419,nan,nan,nan,nan,nan,nan
1714054306.9956195,8420,nan,nan,nan,nan,nan,nan
1714054307.0174744,8421,nan,nan,nan,nan,nan,nan
1714054307.0392382,8422,nan,nan,nan,nan,nan,nan
1714054307.062172,8423,nan,nan,nan,nan,nan,nan
1714054307.0831213,8424,nan,nan,nan,nan,nan,nan
1714054307.1060333,8425,nan,nan,nan,nan,nan,nan
1714054307.1290183,8426,nan,nan,nan,nan,nan,nan
1714054307.1509347,8427,nan,nan,nan,nan,nan,nan
1714054307.1729321,8428,nan,nan,nan,nan,nan,nan
1714054307.1948738,8429,nan,nan,nan,nan,nan,nan
1714054307.2168562,8430,nan,nan,nan,nan,nan,nan
1714054307.239924,8431,nan,nan,nan,nan,nan,nan
1714054307.2631338,8432,nan,nan,nan,nan,nan,nan
1714054307.2842379,8433,nan,nan,nan,nan,nan,nan
1714054307.3072464,8434,nan,nan,nan,nan,nan,nan
1714054307.329368,8435,nan,nan,nan,nan,nan,nan
1714054307.3519514,8436,nan,nan,nan,nan,nan,nan
1714054307.374476,8437,nan,nan,nan,nan,nan,nan
1714054307.3962142,8438,nan,nan,nan,nan,nan,nan
1714054307.4190288,8439,nan,nan,nan,nan,nan,nan
1714054307.4417555,8440,nan,nan,nan,nan,nan,nan
1714054307.4648428,8441,nan,nan,nan,nan,nan,nan
1714054307.485785,8442,nan,nan,nan,nan,nan,nan
1714054307.5098314,8443,nan,nan,nan,nan,nan,nan
1714054307.531516,8444,nan,nan,nan,nan,nan,nan
1714054307.5538127,8445,nan,nan,nan,nan,nan,nan
1714054307.5759332,8446,nan,nan,nan,nan,nan,nan
1714054307.5992532,8447,nan,nan,nan,nan,nan,nan
1714054307.6203823,8448,nan,nan,nan,nan,nan,nan
1714054307.6414459,8449,nan,nan,nan,nan,nan,nan
1714054307.6632078,8450,nan,nan,nan,nan,nan,nan
1714054307.6865218,8451,nan,nan,nan,nan,nan,nan
1714054307.7082279,8452,nan,nan,nan,nan,nan,nan
1714054307.730381,8453,nan,nan,nan,nan,nan,nan
1714054307.752259,8454,nan,nan,nan,nan,nan,nan
1714054307.776623,8455,nan,nan,nan,nan,nan,nan
1714054307.8030965,8456,nan,nan,nan,nan,nan,nan
1714054307.8231826,8457,nan,nan,nan,nan,nan,nan
1714054307.8478272,8458,nan,nan,nan,nan,nan,nan
1714054307.8682234,8459,nan,nan,nan,nan,nan,nan
1714054307.8896356,8460,nan,nan,nan,nan,nan,nan
1714054307.9115083,8461,nan,nan,nan,nan,nan,nan
1714054307.935987,8462,nan,nan,nan,nan,nan,nan
1714054307.955908,8463,nan,nan,nan,nan,nan,nan
1714054307.9800982,8464,nan,nan,nan,nan,nan,nan
1714054308.001666,8465,nan,nan,nan,nan,nan,nan
1714054308.02472,8466,nan,nan,nan,nan,nan,nan
1714054308.046772,8467,nan,nan,nan,nan,nan,nan
1714054308.0695906,8468,nan,nan,nan,nan,nan,nan
1714054308.0914383,8469,nan,nan,nan,nan,nan,nan
1714054308.1142523,8470,nan,nan,nan,nan,nan,nan
1714054308.1373281,8471,nan,nan,nan,nan,nan,nan
1714054308.1589463,8472,nan,nan,nan,nan,nan,nan
1714054308.181202,8473,nan,nan,nan,nan,nan,nan
1714054308.2043364,8474,nan,nan,nan,nan,nan,nan
1714054308.226667,8475,nan,nan,nan,nan,nan,nan
1714054308.2502315,8476,nan,nan,nan,nan,nan,nan
1714054308.2722445,8477,nan,nan,nan,nan,nan,nan
1714054308.2941663,8478,nan,nan,nan,nan,nan,nan
1714054308.3163807,8479,nan,nan,nan,nan,nan,nan
1714054308.3371458,8480,nan,nan,nan,nan,nan,nan
1714054308.3590796,8481,nan,nan,nan,nan,nan,nan
1714054308.38189,8482,nan,nan,nan,nan,nan,nan
1714054308.404194,8483,nan,nan,nan,nan,nan,nan
1714054308.4276416,8484,nan,nan,nan,nan,nan,nan
1714054308.4503424,8485,nan,nan,nan,nan,nan,nan
1714054308.4731212,8486,nan,nan,nan,nan,nan,nan
1714054308.4962656,8487,nan,nan,nan,nan,nan,nan
1714054308.5171378,8488,nan,nan,nan,nan,nan,nan
1714054308.5398607,8489,nan,nan,nan,nan,nan,nan
1714054308.5695877,8490,nan,nan,nan,nan,nan,nan
1714054308.5939565,8491,nan,nan,nan,nan,nan,nan
1714054308.6146502,8492,nan,nan,nan,nan,nan,nan
1714054308.6364472,8493,nan,nan,nan,nan,nan,nan
1714054308.6573882,8494,nan,nan,nan,nan,nan,nan
1714054308.6803622,8495,nan,nan,nan,nan,nan,nan
1714054308.7025623,8496,nan,nan,nan,nan,nan,nan
1714054308.7247078,8497,nan,nan,nan,nan,nan,nan
1714054308.7466123,8498,nan,nan,nan,nan,nan,nan
1714054308.7712116,8499,nan,nan,nan,nan,nan,nan
1714054308.7904327,8500,nan,nan,nan,nan,nan,nan
1714054308.8136127,8501,nan,nan,nan,nan,nan,nan
1714054308.8348298,8502,nan,nan,nan,nan,nan,nan
1714054308.857723,8503,nan,nan,nan,nan,nan,nan
1714054308.8814852,8504,nan,nan,nan,nan,nan,nan
1714054308.9057493,8505,nan,nan,nan,nan,nan,nan
1714054308.926626,8506,nan,nan,nan,nan,nan,nan
1714054308.9493644,8507,nan,nan,nan,nan,nan,nan
1714054308.971243,8508,nan,nan,nan,nan,nan,nan
1714054308.9945238,8509,nan,nan,nan,nan,nan,nan
1714054309.0236716,8510,nan,nan,nan,nan,nan,nan
1714054309.0496912,8511,nan,nan,nan,nan,nan,nan
1714054309.0602565,8512,nan,nan,nan,nan,nan,nan
1714054309.0820267,8513,nan,nan,nan,nan,nan,nan
1714054309.1047585,8514,nan,nan,nan,nan,nan,nan
1714054309.132958,8515,nan,nan,nan,nan,nan,nan
1714054309.1540463,8516,nan,nan,nan,nan,nan,nan
1714054309.1770368,8517,nan,nan,nan,nan,nan,nan
1714054309.1992233,8518,nan,nan,nan,nan,nan,nan
1714054309.2214098,8519,nan,nan,nan,nan,nan,nan
1714054309.2452457,8520,nan,nan,nan,nan,nan,nan
1714054309.2682004,8521,nan,nan,nan,nan,nan,nan
1714054309.2900145,8522,nan,nan,nan,nan,nan,nan
1714054309.3118207,8523,nan,nan,nan,nan,nan,nan
1714054309.3355947,8524,nan,nan,nan,nan,nan,nan
1714054309.3563697,8525,nan,nan,nan,nan,nan,nan
1714054309.3791723,8526,nan,nan,nan,nan,nan,nan
1714054309.4009094,8527,nan,nan,nan,nan,nan,nan
1714054309.4226577,8528,nan,nan,nan,nan,nan,nan
1714054309.4453745,8529,nan,nan,nan,nan,nan,nan
1714054309.468185,8530,nan,nan,nan,nan,nan,nan
1714054309.4899485,8531,nan,nan,nan,nan,nan,nan
1714054309.5117273,8532,nan,nan,nan,nan,nan,nan
1714054309.5334735,8533,nan,nan,nan,nan,nan,nan
1714054309.5562844,8534,nan,nan,nan,nan,nan,nan
1714054309.579718,8535,nan,nan,nan,nan,nan,nan
1714054309.6038868,8536,nan,nan,nan,nan,nan,nan
1714054309.6259406,8537,nan,nan,nan,nan,nan,nan
1714054309.6481333,8538,nan,nan,nan,nan,nan,nan
1714054309.6710005,8539,nan,nan,nan,nan,nan,nan
1714054309.693551,8540,nan,nan,nan,nan,nan,nan
1714054309.7165534,8541,nan,nan,nan,nan,nan,nan
1714054309.737915,8542,nan,nan,nan,nan,nan,nan
1714054309.7589145,8543,nan,nan,nan,nan,nan,nan
1714054309.7826521,8544,nan,nan,nan,nan,nan,nan
1714054309.803776,8545,nan,nan,nan,nan,nan,nan
1714054309.8249822,8546,nan,nan,nan,nan,nan,nan
1714054309.8474338,8547,nan,nan,nan,nan,nan,nan
1714054309.8705862,8548,nan,nan,nan,nan,nan,nan
1714054309.8927317,8549,nan,nan,nan,nan,nan,nan
1714054309.9165988,8550,nan,nan,nan,nan,nan,nan
1714054309.938051,8551,nan,nan,nan,nan,nan,nan
1714054309.9609792,8552,nan,nan,nan,nan,nan,nan
1714054309.9849932,8553,nan,nan,nan,nan,nan,nan
1714054310.007388,8554,nan,nan,nan,nan,nan,nan
1714054310.0306811,8555,nan,nan,nan,nan,nan,nan
1714054310.0527034,8556,nan,nan,nan,nan,nan,nan
1714054310.0755823,8557,nan,nan,nan,nan,nan,nan
1714054310.0982304,8558,nan,nan,nan,nan,nan,nan
1714054310.12107,8559,nan,nan,nan,nan,nan,nan
1714054310.143542,8560,nan,nan,nan,nan,nan,nan
1714054310.1673255,8561,nan,nan,nan,nan,nan,nan
1714054310.1877198,8562,nan,nan,nan,nan,nan,nan
1714054310.2115057,8563,nan,nan,nan,nan,nan,nan
1714054310.236795,8564,nan,nan,nan,nan,nan,nan
1714054310.2651553,8565,nan,nan,nan,nan,nan,nan
1714054310.2819262,8566,nan,nan,nan,nan,nan,nan
1714054310.3037393,8567,nan,nan,nan,nan,nan,nan
1714054310.324844,8568,nan,nan,nan,nan,nan,nan
1714054310.3477483,8569,nan,nan,nan,nan,nan,nan
1714054310.3689053,8570,nan,nan,nan,nan,nan,nan
1714054310.393073,8571,nan,nan,nan,nan,nan,nan
1714054310.4227479,8572,nan,nan,nan,nan,nan,nan
1714054310.441752,8573,nan,nan,nan,nan,nan,nan
1714054310.460173,8574,nan,nan,nan,nan,nan,nan
1714054310.483896,8575,nan,nan,nan,nan,nan,nan
1714054310.506212,8576,nan,nan,nan,nan,nan,nan
1714054310.5274637,8577,nan,nan,nan,nan,nan,nan
1714054310.5493724,8578,nan,nan,nan,nan,nan,nan
1714054310.573404,8579,nan,nan,nan,nan,nan,nan
1714054310.5968435,8580,nan,nan,nan,nan,nan,nan
1714054310.6191735,8581,nan,nan,nan,nan,nan,nan
1714054310.6437182,8582,nan,nan,nan,nan,nan,nan
1714054310.6658704,8583,nan,nan,nan,nan,nan,nan
1714054310.6878498,8584,nan,nan,nan,nan,nan,nan
1714054310.7105484,8585,nan,nan,nan,nan,nan,nan
1714054310.7370636,8586,nan,nan,nan,nan,nan,nan
1714054310.760648,8587,nan,nan,nan,nan,nan,nan
1714054310.7825446,8588,nan,nan,nan,nan,nan,nan
1714054310.804468,8589,nan,nan,nan,nan,nan,nan
1714054310.826617,8590,nan,nan,nan,nan,nan,nan
1714054310.848909,8591,nan,nan,nan,nan,nan,nan
1714054310.870025,8592,nan,nan,nan,nan,nan,nan
1714054310.8922975,8593,nan,nan,nan,nan,nan,nan
1714054310.913572,8594,nan,nan,nan,nan,nan,nan
1714054310.936738,8595,nan,nan,nan,nan,nan,nan
1714054310.9604461,8596,nan,nan,nan,nan,nan,nan
1714054310.9806073,8597,nan,nan,nan,nan,nan,nan
1714054311.002901,8598,nan,nan,nan,nan,nan,nan
1714054311.0255237,8599,nan,nan,nan,nan,nan,nan
1714054311.0473037,8600,nan,nan,nan,nan,nan,nan
1714054311.0692372,8601,nan,nan,nan,nan,nan,nan
1714054311.090726,8602,nan,nan,nan,nan,nan,nan
1714054311.1134017,8603,nan,nan,nan,nan,nan,nan
1714054311.1360867,8604,nan,nan,nan,nan,nan,nan
1714054311.1596258,8605,nan,nan,nan,nan,nan,nan
1714054311.1811216,8606,nan,nan,nan,nan,nan,nan
1714054311.2043476,8607,nan,nan,nan,nan,nan,nan
1714054311.2290173,8608,nan,nan,nan,nan,nan,nan
1714054311.2519562,8609,nan,nan,nan,nan,nan,nan
1714054311.274565,8610,nan,nan,nan,nan,nan,nan
1714054311.299361,8611,nan,nan,nan,nan,nan,nan
1714054311.3233361,8612,nan,nan,nan,nan,nan,nan
1714054311.34645,8613,nan,nan,nan,nan,nan,nan
1714054311.3675807,8614,nan,nan,nan,nan,nan,nan
1714054311.390461,8615,nan,nan,nan,nan,nan,nan
1714054311.4133923,8616,nan,nan,nan,nan,nan,nan
1714054311.435274,8617,nan,nan,nan,nan,nan,nan
1714054311.4573388,8618,nan,nan,nan,nan,nan,nan
1714054311.4787667,8619,nan,nan,nan,nan,nan,nan
1714054311.5013237,8620,nan,nan,nan,nan,nan,nan
1714054311.523202,8621,nan,nan,nan,nan,nan,nan
1714054311.5453532,8622,nan,nan,nan,nan,nan,nan
1714054311.5682123,8623,nan,nan,nan,nan,nan,nan
1714054311.5900884,8624,nan,nan,nan,nan,nan,nan
1714054311.611808,8625,nan,nan,nan,nan,nan,nan
1714054311.6346855,8626,nan,nan,nan,nan,nan,nan
1714054311.6566482,8627,nan,nan,nan,nan,nan,nan
1714054311.6785579,8628,nan,nan,nan,nan,nan,nan
1714054311.701449,8629,nan,nan,nan,nan,nan,nan
1714054311.7233357,8630,nan,nan,nan,nan,nan,nan
1714054311.7462287,8631,nan,nan,nan,nan,nan,nan
1714054311.768326,8632,nan,nan,nan,nan,nan,nan
1714054311.789387,8633,nan,nan,nan,nan,nan,nan
1714054311.8114429,8634,nan,nan,nan,nan,nan,nan
1714054311.8346891,8635,nan,nan,nan,nan,nan,nan
1714054311.857662,8636,nan,nan,nan,nan,nan,nan
1714054311.8868585,8637,nan,nan,nan,nan,nan,nan
1714054311.9087715,8638,nan,nan,nan,nan,nan,nan
1714054311.9306407,8639,nan,nan,nan,nan,nan,nan
1714054311.9528344,8640,nan,nan,nan,nan,nan,nan
1714054311.974928,8641,nan,nan,nan,nan,nan,nan
1714054311.9970956,8642,nan,nan,nan,nan,nan,nan
1714054312.0200686,8643,nan,nan,nan,nan,nan,nan
1714054312.0437102,8644,nan,nan,nan,nan,nan,nan
1714054312.0649526,8645,nan,nan,nan,nan,nan,nan
1714054312.0883386,8646,nan,nan,nan,nan,nan,nan
1714054312.1126425,8647,nan,nan,nan,nan,nan,nan
1714054312.1352413,8648,nan,nan,nan,nan,nan,nan
1714054312.1541426,8649,nan,nan,nan,nan,nan,nan
1714054312.1784487,8650,nan,nan,nan,nan,nan,nan
1714054312.1992626,8651,nan,nan,nan,nan,nan,nan
1714054312.233709,8652,nan,nan,nan,nan,nan,nan
1714054312.2575881,8653,nan,nan,nan,nan,nan,nan
1714054312.2750845,8654,nan,nan,nan,nan,nan,nan
1714054312.2948222,8655,nan,nan,nan,nan,nan,nan
1714054312.3168986,8656,nan,nan,nan,nan,nan,nan
1714054312.339682,8657,nan,nan,nan,nan,nan,nan
1714054312.362801,8658,nan,nan,nan,nan,nan,nan
1714054312.3878982,8659,nan,nan,nan,nan,nan,nan
1714054312.4097621,8660,nan,nan,nan,nan,nan,nan
1714054312.429642,8661,nan,nan,nan,nan,nan,nan
1714054312.4535058,8662,nan,nan,nan,nan,nan,nan
1714054312.475381,8663,nan,nan,nan,nan,nan,nan
1714054312.4989219,8664,nan,nan,nan,nan,nan,nan
1714054312.5211208,8665,nan,nan,nan,nan,nan,nan
1714054312.5429845,8666,nan,nan,nan,nan,nan,nan
1714054312.564886,8667,nan,nan,nan,nan,nan,nan
1714054312.5865695,8668,nan,nan,nan,nan,nan,nan
1714054312.608877,8669,nan,nan,nan,nan,nan,nan
1714054312.6304514,8670,nan,nan,nan,nan,nan,nan
1714054312.664039,8671,nan,nan,nan,nan,nan,nan
1714054312.6816418,8672,nan,nan,nan,nan,nan,nan
1714054312.7002478,8673,nan,nan,nan,nan,nan,nan
1714054312.7213676,8674,nan,nan,nan,nan,nan,nan
1714054312.7434876,8675,nan,nan,nan,nan,nan,nan
1714054312.7648473,8676,nan,nan,nan,nan,nan,nan
1714054312.7876217,8677,nan,nan,nan,nan,nan,nan
1714054312.8106453,8678,nan,nan,nan,nan,nan,nan
1714054312.8325815,8679,nan,nan,nan,nan,nan,nan
1714054312.8551753,8680,nan,nan,nan,nan,nan,nan
1714054312.8766668,8681,nan,nan,nan,nan,nan,nan
1714054312.901713,8682,nan,nan,nan,nan,nan,nan
1714054312.9247499,8683,nan,nan,nan,nan,nan,nan
1714054312.9519277,8684,nan,nan,nan,nan,nan,nan
1714054312.9747534,8685,nan,nan,nan,nan,nan,nan
1714054312.9926045,8686,nan,nan,nan,nan,nan,nan
1714054313.0134017,8687,nan,nan,nan,nan,nan,nan
1714054313.0352376,8688,nan,nan,nan,nan,nan,nan
1714054313.0571287,8689,nan,nan,nan,nan,nan,nan
1714054313.0782075,8690,nan,nan,nan,nan,nan,nan
1714054313.1000993,8691,nan,nan,nan,nan,nan,nan
1714054313.1220593,8692,nan,nan,nan,nan,nan,nan
1714054313.1477823,8693,nan,nan,nan,nan,nan,nan
1714054313.1720269,8694,nan,nan,nan,nan,nan,nan
1714054313.198897,8695,nan,nan,nan,nan,nan,nan
1714054313.2145255,8696,nan,nan,nan,nan,nan,nan
1714054313.2361324,8697,nan,nan,nan,nan,nan,nan
1714054313.2572932,8698,nan,nan,nan,nan,nan,nan
1714054313.280271,8699,nan,nan,nan,nan,nan,nan
1714054313.3032832,8700,nan,nan,nan,nan,nan,nan
1714054313.3233695,8701,nan,nan,nan,nan,nan,nan
1714054313.346295,8702,nan,nan,nan,nan,nan,nan
1714054313.3683069,8703,nan,nan,nan,nan,nan,nan
1714054313.3913968,8704,nan,nan,nan,nan,nan,nan
1714054313.4145246,8705,nan,nan,nan,nan,nan,nan
1714054313.4392183,8706,nan,nan,nan,nan,nan,nan
1714054313.4600687,8707,nan,nan,nan,nan,nan,nan
1714054313.4819655,8708,nan,nan,nan,nan,nan,nan
1714054313.5027995,8709,nan,nan,nan,nan,nan,nan
1714054313.5253599,8710,nan,nan,nan,nan,nan,nan
1714054313.5486097,8711,nan,nan,nan,nan,nan,nan
1714054313.570412,8712,nan,nan,nan,nan,nan,nan
1714054313.6005342,8713,nan,nan,nan,nan,nan,nan
1714054313.6238492,8714,nan,nan,nan,nan,nan,nan
1714054313.63968,8715,nan,nan,nan,nan,nan,nan
1714054313.6599212,8716,nan,nan,nan,nan,nan,nan
1714054313.681822,8717,nan,nan,nan,nan,nan,nan
1714054313.705506,8718,nan,nan,nan,nan,nan,nan
1714054313.7304647,8719,nan,nan,nan,nan,nan,nan
1714054313.7636435,8720,nan,nan,nan,nan,nan,nan
1714054313.7775934,8721,nan,nan,nan,nan,nan,nan
1714054313.7992694,8722,nan,nan,nan,nan,nan,nan
1714054313.8204563,8723,nan,nan,nan,nan,nan,nan
1714054313.8416483,8724,nan,nan,nan,nan,nan,nan
1714054313.865128,8725,nan,nan,nan,nan,nan,nan
1714054313.8881872,8726,nan,nan,nan,nan,nan,nan
1714054313.9118488,8727,nan,nan,nan,nan,nan,nan
1714054313.9358299,8728,nan,nan,nan,nan,nan,nan
1714054313.9577582,8729,nan,nan,nan,nan,nan,nan
1714054313.9799716,8730,nan,nan,nan,nan,nan,nan
1714054314.0018759,8731,nan,nan,nan,nan,nan,nan
1714054314.0237799,8732,nan,nan,nan,nan,nan,nan
1714054314.046687,8733,nan,nan,nan,nan,nan,nan
1714054314.0696883,8734,nan,nan,nan,nan,nan,nan
1714054314.0917628,8735,nan,nan,nan,nan,nan,nan
1714054314.1126606,8736,nan,nan,nan,nan,nan,nan
1714054314.1354356,8737,nan,nan,nan,nan,nan,nan
1714054314.158218,8738,nan,nan,nan,nan,nan,nan
1714054314.1801035,8739,nan,nan,nan,nan,nan,nan
1714054314.203022,8740,nan,nan,nan,nan,nan,nan
1714054314.2249756,8741,nan,nan,nan,nan,nan,nan
1714054314.2458808,8742,nan,nan,nan,nan,nan,nan
1714054314.2688823,8743,nan,nan,nan,nan,nan,nan
1714054314.2910378,8744,nan,nan,nan,nan,nan,nan
1714054314.3141148,8745,nan,nan,nan,nan,nan,nan
1714054314.33667,8746,nan,nan,nan,nan,nan,nan
1714054314.358031,8747,nan,nan,nan,nan,nan,nan
1714054314.3800313,8748,nan,nan,nan,nan,nan,nan
1714054314.4018922,8749,nan,nan,nan,nan,nan,nan
1714054314.4248574,8750,nan,nan,nan,nan,nan,nan
1714054314.4467137,8751,nan,nan,nan,nan,nan,nan
1714054314.470218,8752,nan,nan,nan,nan,nan,nan
1714054314.4930496,8753,nan,nan,nan,nan,nan,nan
1714054314.5160303,8754,nan,nan,nan,nan,nan,nan
1714054314.5379045,8755,nan,nan,nan,nan,nan,nan
1714054314.5598187,8756,nan,nan,nan,nan,nan,nan
1714054314.5828245,8757,nan,nan,nan,nan,nan,nan
1714054314.6048741,8758,nan,nan,nan,nan,nan,nan
1714054314.6276681,8759,nan,nan,nan,nan,nan,nan
1714054314.648675,8760,nan,nan,nan,nan,nan,nan
1714054314.671654,8761,nan,nan,nan,nan,nan,nan
1714054314.6936338,8762,nan,nan,nan,nan,nan,nan
1714054314.7155201,8763,nan,nan,nan,nan,nan,nan
1714054314.7374542,8764,nan,nan,nan,nan,nan,nan
1714054314.759597,8765,nan,nan,nan,nan,nan,nan
1714054314.7804506,8766,nan,nan,nan,nan,nan,nan
1714054314.8022778,8767,nan,nan,nan,nan,nan,nan
1714054314.8245587,8768,nan,nan,nan,nan,nan,nan
1714054314.8482041,8769,nan,nan,nan,nan,nan,nan
1714054314.8712146,8770,nan,nan,nan,nan,nan,nan
1714054314.894478,8771,nan,nan,nan,nan,nan,nan
1714054314.917448,8772,nan,nan,nan,nan,nan,nan
1714054314.9400594,8773,nan,nan,nan,nan,nan,nan
1714054314.9647892,8774,nan,nan,nan,nan,nan,nan
1714054314.9882593,8775,nan,nan,nan,nan,nan,nan
1714054315.0162616,8776,nan,nan,nan,nan,nan,nan
1714054315.0482528,8777,nan,nan,nan,nan,nan,nan
1714054315.0773025,8778,nan,nan,nan,nan,nan,nan
1714054315.1095757,8779,nan,nan,nan,nan,nan,nan
1714054315.1359634,8780,nan,nan,nan,nan,nan,nan
1714054315.1616507,8781,nan,nan,nan,nan,nan,nan
1714054315.1796045,8782,nan,nan,nan,nan,nan,nan
1714054315.2064905,8783,nan,nan,nan,nan,nan,nan
1714054315.2247295,8784,nan,nan,nan,nan,nan,nan
1714054315.2351522,8785,nan,nan,nan,nan,nan,nan
1714054315.2480538,8786,nan,nan,nan,nan,nan,nan
1714054315.266622,8787,nan,nan,nan,nan,nan,nan
1714054315.2895246,8788,nan,nan,nan,nan,nan,nan
1714054315.3109353,8789,nan,nan,nan,nan,nan,nan
1714054315.333505,8790,nan,nan,nan,nan,nan,nan
1714054315.3582082,8791,nan,nan,nan,nan,nan,nan
1714054315.3789127,8792,nan,nan,nan,nan,nan,nan
1714054315.400797,8793,nan,nan,nan,nan,nan,nan
1714054315.422055,8794,nan,nan,nan,nan,nan,nan
1714054315.444094,8795,nan,nan,nan,nan,nan,nan
1714054315.4725645,8796,nan,nan,nan,nan,nan,nan
1714054315.493598,8797,nan,nan,nan,nan,nan,nan
1714054315.510882,8798,nan,nan,nan,nan,nan,nan
1714054315.5336475,8799,nan,nan,nan,nan,nan,nan
1714054315.5555146,8800,nan,nan,nan,nan,nan,nan
1714054315.5783339,8801,nan,nan,nan,nan,nan,nan
1714054315.6002076,8802,nan,nan,nan,nan,nan,nan
1714054315.6220922,8803,nan,nan,nan,nan,nan,nan
1714054315.6436567,8804,nan,nan,nan,nan,nan,nan
1714054315.6669817,8805,nan,nan,nan,nan,nan,nan
1714054315.6899335,8806,nan,nan,nan,nan,nan,nan
1714054315.723966,8807,nan,nan,nan,nan,nan,nan
1714054315.7600799,8808,nan,nan,nan,nan,nan,nan
1714054315.801931,8809,nan,nan,nan,nan,nan,nan
1714054315.8346093,8810,nan,nan,nan,nan,nan,nan
1714054315.8500247,8811,nan,nan,nan,nan,nan,nan
1714054315.8778436,8812,nan,nan,nan,nan,nan,nan
1714054315.891205,8813,nan,nan,nan,nan,nan,nan
1714054315.9010894,8814,nan,nan,nan,nan,nan,nan
1714054315.9225967,8815,nan,nan,nan,nan,nan,nan
1714054315.9460266,8816,nan,nan,nan,nan,nan,nan
1714054315.9661121,8817,nan,nan,nan,nan,nan,nan
1714054316.002101,8818,nan,nan,nan,nan,nan,nan
1714054316.0211492,8819,nan,nan,nan,nan,nan,nan
1714054316.0387797,8820,nan,nan,nan,nan,nan,nan
1714054316.0615308,8821,nan,nan,nan,nan,nan,nan
1714054316.0833707,8822,nan,nan,nan,nan,nan,nan
1714054316.1052465,8823,nan,nan,nan,nan,nan,nan
1714054316.1271086,8824,nan,nan,nan,nan,nan,nan
1714054316.1488883,8825,nan,nan,nan,nan,nan,nan
1714054316.1707647,8826,nan,nan,nan,nan,nan,nan
1714054316.1947012,8827,nan,nan,nan,nan,nan,nan
1714054316.2165313,8828,nan,nan,nan,nan,nan,nan
1714054316.239357,8829,nan,nan,nan,nan,nan,nan
1714054316.2601767,8830,nan,nan,nan,nan,nan,nan
1714054316.2832763,8831,nan,nan,nan,nan,nan,nan
1714054316.3068855,8832,nan,nan,nan,nan,nan,nan
1714054316.329885,8833,nan,nan,nan,nan,nan,nan
1714054316.351524,8834,nan,nan,nan,nan,nan,nan
1714054316.372423,8835,nan,nan,nan,nan,nan,nan
1714054316.3968487,8836,nan,nan,nan,nan,nan,nan
1714054316.4190366,8837,nan,nan,nan,nan,nan,nan
1714054316.4414613,8838,nan,nan,nan,nan,nan,nan
1714054316.4657202,8839,nan,nan,nan,nan,nan,nan
1714054316.4876895,8840,nan,nan,nan,nan,nan,nan
1714054316.5095015,8841,nan,nan,nan,nan,nan,nan
1714054316.5325494,8842,nan,nan,nan,nan,nan,nan
1714054316.5546293,8843,nan,nan,nan,nan,nan,nan
1714054316.5776305,8844,nan,nan,nan,nan,nan,nan
1714054316.598678,8845,nan,nan,nan,nan,nan,nan
1714054316.6215158,8846,nan,nan,nan,nan,nan,nan
1714054316.6444006,8847,nan,nan,nan,nan,nan,nan
1714054316.6672494,8848,nan,nan,nan,nan,nan,nan
1714054316.6892226,8849,nan,nan,nan,nan,nan,nan
1714054316.7119088,8850,nan,nan,nan,nan,nan,nan
1714054316.7358947,8851,nan,nan,nan,nan,nan,nan
1714054316.7570424,8852,nan,nan,nan,nan,nan,nan
1714054316.7789862,8853,nan,nan,nan,nan,nan,nan
1714054316.8001387,8854,nan,nan,nan,nan,nan,nan
1714054316.8231142,8855,nan,nan,nan,nan,nan,nan
1714054316.8455663,8856,nan,nan,nan,nan,nan,nan
1714054316.867337,8857,nan,nan,nan,nan,nan,nan
1714054316.8899415,8858,nan,nan,nan,nan,nan,nan
1714054316.9126334,8859,nan,nan,nan,nan,nan,nan
1714054316.936434,8860,nan,nan,nan,nan,nan,nan
1714054316.9574695,8861,nan,nan,nan,nan,nan,nan
1714054316.9794307,8862,nan,nan,nan,nan,nan,nan
1714054317.0006652,8863,nan,nan,nan,nan,nan,nan
1714054317.023599,8864,nan,nan,nan,nan,nan,nan
1714054317.0434942,8865,nan,nan,nan,nan,nan,nan
1714054317.070217,8866,nan,nan,nan,nan,nan,nan
1714054317.09855,8867,nan,nan,nan,nan,nan,nan
1714054317.148507,8868,nan,nan,nan,nan,nan,nan
1714054317.1777616,8869,nan,nan,nan,nan,nan,nan
1714054317.2019255,8870,nan,nan,nan,nan,nan,nan
1714054317.22587,8871,nan,nan,nan,nan,nan,nan
1714054317.240024,8872,nan,nan,nan,nan,nan,nan
1714054317.2587085,8873,nan,nan,nan,nan,nan,nan
1714054317.2682457,8874,nan,nan,nan,nan,nan,nan
1714054317.276735,8875,nan,nan,nan,nan,nan,nan
1714054317.300596,8876,nan,nan,nan,nan,nan,nan
1714054317.3231742,8877,nan,nan,nan,nan,nan,nan
1714054317.3460362,8878,nan,nan,nan,nan,nan,nan
1714054317.3682287,8879,nan,nan,nan,nan,nan,nan
1714054317.3894382,8880,nan,nan,nan,nan,nan,nan
1714054317.41135,8881,nan,nan,nan,nan,nan,nan
1714054317.4334624,8882,nan,nan,nan,nan,nan,nan
1714054317.4568906,8883,nan,nan,nan,nan,nan,nan
1714054317.4803903,8884,nan,nan,nan,nan,nan,nan
1714054317.5177817,8885,nan,nan,nan,nan,nan,nan
1714054317.539733,8886,nan,nan,nan,nan,nan,nan
1714054317.5652573,8887,nan,nan,nan,nan,nan,nan
1714054317.5875335,8888,nan,nan,nan,nan,nan,nan
1714054317.606646,8889,nan,nan,nan,nan,nan,nan
1714054317.6326814,8890,nan,nan,nan,nan,nan,nan
1714054317.6689699,8891,nan,nan,nan,nan,nan,nan
1714054317.6855876,8892,nan,nan,nan,nan,nan,nan
1714054317.6940851,8893,nan,nan,nan,nan,nan,nan
1714054317.7097905,8894,nan,nan,nan,nan,nan,nan
1714054317.7326107,8895,nan,nan,nan,nan,nan,nan
1714054317.755276,8896,nan,nan,nan,nan,nan,nan
1714054317.7773635,8897,nan,nan,nan,nan,nan,nan
1714054317.8009539,8898,nan,nan,nan,nan,nan,nan
1714054317.8227034,8899,nan,nan,nan,nan,nan,nan
1714054317.8472905,8900,nan,nan,nan,nan,nan,nan
1714054317.8722663,8901,nan,nan,nan,nan,nan,nan
1714054317.894015,8902,nan,nan,nan,nan,nan,nan
1714054317.9161305,8903,nan,nan,nan,nan,nan,nan
1714054317.938119,8904,nan,nan,nan,nan,nan,nan
1714054317.959927,8905,nan,nan,nan,nan,nan,nan
1714054317.9815037,8906,nan,nan,nan,nan,nan,nan
1714054318.0045269,8907,nan,nan,nan,nan,nan,nan
1714054318.0268135,8908,nan,nan,nan,nan,nan,nan
1714054318.050012,8909,nan,nan,nan,nan,nan,nan
1714054318.0731645,8910,nan,nan,nan,nan,nan,nan
1714054318.094652,8911,nan,nan,nan,nan,nan,nan
1714054318.1188526,8912,nan,nan,nan,nan,nan,nan
1714054318.1415005,8913,nan,nan,nan,nan,nan,nan
1714054318.1624174,8914,nan,nan,nan,nan,nan,nan
1714054318.1846528,8915,nan,nan,nan,nan,nan,nan
1714054318.208711,8916,nan,nan,nan,nan,nan,nan
1714054318.2310908,8917,nan,nan,nan,nan,nan,nan
1714054318.2531288,8918,nan,nan,nan,nan,nan,nan
1714054318.2767704,8919,nan,nan,nan,nan,nan,nan
1714054318.3071527,8920,nan,nan,nan,nan,nan,nan
1714054318.3242757,8921,nan,nan,nan,nan,nan,nan
1714054318.3425162,8922,nan,nan,nan,nan,nan,nan
1714054318.3646646,8923,nan,nan,nan,nan,nan,nan
1714054318.387661,8924,nan,nan,nan,nan,nan,nan
1714054318.4096868,8925,nan,nan,nan,nan,nan,nan
1714054318.4331882,8926,nan,nan,nan,nan,nan,nan
1714054318.4538178,8927,nan,nan,nan,nan,nan,nan
1714054318.4760273,8928,nan,nan,nan,nan,nan,nan
1714054318.4992218,8929,nan,nan,nan,nan,nan,nan
1714054318.5229268,8930,nan,nan,nan,nan,nan,nan
1714054318.5440497,8931,nan,nan,nan,nan,nan,nan
1714054318.56778,8932,nan,nan,nan,nan,nan,nan
1714054318.5888355,8933,nan,nan,nan,nan,nan,nan
1714054318.6117492,8934,nan,nan,nan,nan,nan,nan
1714054318.6327012,8935,nan,nan,nan,nan,nan,nan
1714054318.655552,8936,nan,nan,nan,nan,nan,nan
1714054318.6775103,8937,nan,nan,nan,nan,nan,nan
1714054318.699373,8938,nan,nan,nan,nan,nan,nan
1714054318.721173,8939,nan,nan,nan,nan,nan,nan
1714054318.742946,8940,nan,nan,nan,nan,nan,nan
1714054318.7647738,8941,nan,nan,nan,nan,nan,nan
1714054318.7871122,8942,nan,nan,nan,nan,nan,nan
1714054318.810946,8943,nan,nan,nan,nan,nan,nan
1714054318.8321118,8944,nan,nan,nan,nan,nan,nan
1714054318.8541882,8945,nan,nan,nan,nan,nan,nan
1714054318.8770115,8946,nan,nan,nan,nan,nan,nan
1714054318.8974576,8947,nan,nan,nan,nan,nan,nan
1714054318.9196227,8948,nan,nan,nan,nan,nan,nan
1714054318.940582,8949,nan,nan,nan,nan,nan,nan
1714054318.9650233,8950,nan,nan,nan,nan,nan,nan
1714054318.9892333,8951,nan,nan,nan,nan,nan,nan
1714054319.019454,8952,nan,nan,nan,nan,nan,nan
1714054319.0434663,8953,nan,nan,nan,nan,nan,nan
1714054319.06556,8954,nan,nan,nan,nan,nan,nan
1714054319.0808713,8955,nan,nan,nan,nan,nan,nan
1714054319.1028888,8956,nan,nan,nan,nan,nan,nan
1714054319.1251547,8957,nan,nan,nan,nan,nan,nan
1714054319.146597,8958,nan,nan,nan,nan,nan,nan
1714054319.1685655,8959,nan,nan,nan,nan,nan,nan
1714054319.1925426,8960,nan,nan,nan,nan,nan,nan
1714054319.2178726,8961,nan,nan,nan,nan,nan,nan
1714054319.2409954,8962,nan,nan,nan,nan,nan,nan
1714054319.2639434,8963,nan,nan,nan,nan,nan,nan
1714054319.2866313,8964,nan,nan,nan,nan,nan,nan
1714054319.3077023,8965,nan,nan,nan,nan,nan,nan
1714054319.3306708,8966,nan,nan,nan,nan,nan,nan
1714054319.352759,8967,nan,nan,nan,nan,nan,nan
1714054319.3876662,8968,nan,nan,nan,nan,nan,nan
1714054319.429907,8969,nan,nan,nan,nan,nan,nan
1714054319.4499683,8970,nan,nan,nan,nan,nan,nan
1714054319.4632192,8971,nan,nan,nan,nan,nan,nan
1714054319.4720237,8972,nan,nan,nan,nan,nan,nan
1714054319.4918463,8973,nan,nan,nan,nan,nan,nan
1714054319.5146632,8974,nan,nan,nan,nan,nan,nan
1714054319.5355725,8975,nan,nan,nan,nan,nan,nan
1714054319.558499,8976,nan,nan,nan,nan,nan,nan
1714054319.580564,8977,nan,nan,nan,nan,nan,nan
1714054319.602807,8978,nan,nan,nan,nan,nan,nan
1714054319.6236804,8979,nan,nan,nan,nan,nan,nan
1714054319.6457062,8980,nan,nan,nan,nan,nan,nan
1714054319.6686556,8981,nan,nan,nan,nan,nan,nan
1714054319.6924956,8982,nan,nan,nan,nan,nan,nan
1714054319.716212,8983,nan,nan,nan,nan,nan,nan
1714054319.738329,8984,nan,nan,nan,nan,nan,nan
1714054319.7580674,8985,nan,nan,nan,nan,nan,nan
1714054319.7810125,8986,nan,nan,nan,nan,nan,nan
1714054319.8033724,8987,nan,nan,nan,nan,nan,nan
1714054319.8303037,8988,nan,nan,nan,nan,nan,nan
1714054319.847807,8989,nan,nan,nan,nan,nan,nan
1714054319.8738673,8990,nan,nan,nan,nan,nan,nan
1714054319.8964894,8991,nan,nan,nan,nan,nan,nan
1714054319.9185817,8992,nan,nan,nan,nan,nan,nan
1714054319.941576,8993,nan,nan,nan,nan,nan,nan
1714054319.9627645,8994,nan,nan,nan,nan,nan,nan
1714054319.9849215,8995,nan,nan,nan,nan,nan,nan
1714054320.008402,8996,nan,nan,nan,nan,nan,nan
1714054320.0307064,8997,nan,nan,nan,nan,nan,nan
1714054320.0588465,8998,nan,nan,nan,nan,nan,nan
1714054320.0806572,8999,nan,nan,nan,nan,nan,nan
1714054320.1037834,9000,nan,nan,nan,nan,nan,nan
1714054320.1385434,9001,nan,nan,nan,nan,nan,nan
1714054320.154818,9002,nan,nan,nan,nan,nan,nan
1714054320.1725276,9003,nan,nan,nan,nan,nan,nan
1714054320.1947463,9004,nan,nan,nan,nan,nan,nan
1714054320.2182598,9005,nan,nan,nan,nan,nan,nan
1714054320.239609,9006,nan,nan,nan,nan,nan,nan
1714054320.2617807,9007,nan,nan,nan,nan,nan,nan
1714054320.2843113,9008,nan,nan,nan,nan,nan,nan
1714054320.3059387,9009,nan,nan,nan,nan,nan,nan
1714054320.3282816,9010,nan,nan,nan,nan,nan,nan
1714054320.3506284,9011,nan,nan,nan,nan,nan,nan
1714054320.372892,9012,nan,nan,nan,nan,nan,nan
1714054320.393878,9013,nan,nan,nan,nan,nan,nan
1714054320.4165003,9014,nan,nan,nan,nan,nan,nan
1714054320.4380078,9015,nan,nan,nan,nan,nan,nan
1714054320.4618773,9016,nan,nan,nan,nan,nan,nan
1714054320.4829304,9017,nan,nan,nan,nan,nan,nan
1714054320.5094352,9018,nan,nan,nan,nan,nan,nan
1714054320.528183,9019,nan,nan,nan,nan,nan,nan
1714054320.5512078,9020,nan,nan,nan,nan,nan,nan
1714054320.5732758,9021,nan,nan,nan,nan,nan,nan
1714054320.5944676,9022,nan,nan,nan,nan,nan,nan
1714054320.616462,9023,nan,nan,nan,nan,nan,nan
1714054320.6387854,9024,nan,nan,nan,nan,nan,nan
1714054320.661097,9025,nan,nan,nan,nan,nan,nan
1714054320.6831868,9026,nan,nan,nan,nan,nan,nan
1714054320.7046795,9027,nan,nan,nan,nan,nan,nan
1714054320.7280276,9028,nan,nan,nan,nan,nan,nan
1714054320.7489462,9029,nan,nan,nan,nan,nan,nan
1714054320.771837,9030,nan,nan,nan,nan,nan,nan
1714054320.7940197,9031,nan,nan,nan,nan,nan,nan
1714054320.8153853,9032,nan,nan,nan,nan,nan,nan
1714054320.8373146,9033,nan,nan,nan,nan,nan,nan
1714054320.8592756,9034,nan,nan,nan,nan,nan,nan
1714054320.8822854,9035,nan,nan,nan,nan,nan,nan
1714054320.9043097,9036,nan,nan,nan,nan,nan,nan
1714054320.928382,9037,nan,nan,nan,nan,nan,nan
1714054320.9509807,9038,nan,nan,nan,nan,nan,nan
1714054320.9758432,9039,nan,nan,nan,nan,nan,nan
1714054321.0023549,9040,nan,nan,nan,nan,nan,nan
1714054321.020304,9041,nan,nan,nan,nan,nan,nan
1714054321.0414436,9042,nan,nan,nan,nan,nan,nan
1714054321.063341,9043,nan,nan,nan,nan,nan,nan
1714054321.0853255,9044,nan,nan,nan,nan,nan,nan
1714054321.107169,9045,nan,nan,nan,nan,nan,nan
1714054321.129163,9046,nan,nan,nan,nan,nan,nan
1714054321.1510959,9047,nan,nan,nan,nan,nan,nan
1714054321.1721551,9048,nan,nan,nan,nan,nan,nan
1714054321.1952634,9049,nan,nan,nan,nan,nan,nan
1714054321.2186875,9050,nan,nan,nan,nan,nan,nan
1714054321.239336,9051,nan,nan,nan,nan,nan,nan
1714054321.2619796,9052,nan,nan,nan,nan,nan,nan
1714054321.2841554,9053,nan,nan,nan,nan,nan,nan
1714054321.3059094,9054,nan,nan,nan,nan,nan,nan
1714054321.3290308,9055,nan,nan,nan,nan,nan,nan
1714054321.3521495,9056,nan,nan,nan,nan,nan,nan
1714054321.3825433,9057,nan,nan,nan,nan,nan,nan
1714054321.3991346,9058,nan,nan,nan,nan,nan,nan
1714054321.421541,9059,nan,nan,nan,nan,nan,nan
1714054321.4432454,9060,nan,nan,nan,nan,nan,nan
1714054321.464658,9061,nan,nan,nan,nan,nan,nan
1714054321.4869087,9062,nan,nan,nan,nan,nan,nan
1714054321.5100536,9063,nan,nan,nan,nan,nan,nan
1714054321.5334897,9064,nan,nan,nan,nan,nan,nan
1714054321.5534866,9065,nan,nan,nan,nan,nan,nan
1714054321.5762794,9066,nan,nan,nan,nan,nan,nan
1714054321.5981998,9067,nan,nan,nan,nan,nan,nan
1714054321.6202161,9068,nan,nan,nan,nan,nan,nan
1714054321.643132,9069,nan,nan,nan,nan,nan,nan
1714054321.665408,9070,nan,nan,nan,nan,nan,nan
1714054321.688969,9071,nan,nan,nan,nan,nan,nan
1714054321.7179856,9072,nan,nan,nan,nan,nan,nan
1714054321.7388663,9073,nan,nan,nan,nan,nan,nan
1714054321.7618852,9074,nan,nan,nan,nan,nan,nan
1714054321.7828913,9075,nan,nan,nan,nan,nan,nan
1714054321.8057892,9076,nan,nan,nan,nan,nan,nan
1714054321.8278136,9077,nan,nan,nan,nan,nan,nan
1714054321.8512309,9078,nan,nan,nan,nan,nan,nan
1714054321.8739638,9079,nan,nan,nan,nan,nan,nan
1714054321.8972678,9080,nan,nan,nan,nan,nan,nan
1714054321.918884,9081,nan,nan,nan,nan,nan,nan
1714054321.9420874,9082,nan,nan,nan,nan,nan,nan
1714054321.9649498,9083,nan,nan,nan,nan,nan,nan
1714054321.9872408,9084,nan,nan,nan,nan,nan,nan
1714054322.010325,9085,nan,nan,nan,nan,nan,nan
1714054322.0317636,9086,nan,nan,nan,nan,nan,nan
1714054322.0534039,9087,nan,nan,nan,nan,nan,nan
1714054322.0843346,9088,nan,nan,nan,nan,nan,nan
1714054322.1044192,9089,nan,nan,nan,nan,nan,nan
1714054322.1194417,9090,nan,nan,nan,nan,nan,nan
1714054322.1428814,9091,nan,nan,nan,nan,nan,nan
1714054322.1640954,9092,nan,nan,nan,nan,nan,nan
1714054322.1864717,9093,nan,nan,nan,nan,nan,nan
1714054322.210095,9094,nan,nan,nan,nan,nan,nan
1714054322.2307904,9095,nan,nan,nan,nan,nan,nan
1714054322.2517898,9096,nan,nan,nan,nan,nan,nan
1714054322.2747734,9097,nan,nan,nan,nan,nan,nan
1714054322.2966552,9098,nan,nan,nan,nan,nan,nan
1714054322.3199959,9099,nan,nan,nan,nan,nan,nan
1714054322.3424904,9100,nan,nan,nan,nan,nan,nan
1714054322.3643477,9101,nan,nan,nan,nan,nan,nan
1714054322.3853545,9102,nan,nan,nan,nan,nan,nan
1714054322.408311,9103,nan,nan,nan,nan,nan,nan
1714054322.4296973,9104,nan,nan,nan,nan,nan,nan
1714054322.4517372,9105,nan,nan,nan,nan,nan,nan
1714054322.4736335,9106,nan,nan,nan,nan,nan,nan
1714054322.496619,9107,nan,nan,nan,nan,nan,nan
1714054322.5187774,9108,nan,nan,nan,nan,nan,nan
1714054322.5411963,9109,nan,nan,nan,nan,nan,nan
1714054322.5625665,9110,nan,nan,nan,nan,nan,nan
1714054322.5859513,9111,nan,nan,nan,nan,nan,nan
1714054322.610874,9112,nan,nan,nan,nan,nan,nan
1714054322.6311684,9113,nan,nan,nan,nan,nan,nan
1714054322.653422,9114,nan,nan,nan,nan,nan,nan
1714054322.6749673,9115,nan,nan,nan,nan,nan,nan
1714054322.6960382,9116,nan,nan,nan,nan,nan,nan
1714054322.7191598,9117,nan,nan,nan,nan,nan,nan
1714054322.7410166,9118,nan,nan,nan,nan,nan,nan
1714054322.7642329,9119,nan,nan,nan,nan,nan,nan
1714054322.785723,9120,nan,nan,nan,nan,nan,nan
1714054322.8072834,9121,nan,nan,nan,nan,nan,nan
1714054322.82861,9122,nan,nan,nan,nan,nan,nan
1714054322.851646,9123,nan,nan,nan,nan,nan,nan
1714054322.8755426,9124,nan,nan,nan,nan,nan,nan
1714054322.8993793,9125,nan,nan,nan,nan,nan,nan
1714054322.9213197,9126,nan,nan,nan,nan,nan,nan
1714054322.9439306,9127,nan,nan,nan,nan,nan,nan
1714054322.96521,9128,nan,nan,nan,nan,nan,nan
1714054322.9890285,9129,nan,nan,nan,nan,nan,nan
1714054323.017457,9130,nan,nan,nan,nan,nan,nan
1714054323.034284,9131,nan,nan,nan,nan,nan,nan
1714054323.0573783,9132,nan,nan,nan,nan,nan,nan
1714054323.0834801,9133,nan,nan,nan,nan,nan,nan
1714054323.1034677,9134,nan,nan,nan,nan,nan,nan
1714054323.1260014,9135,nan,nan,nan,nan,nan,nan
1714054323.1484609,9136,nan,nan,nan,nan,nan,nan
1714054323.1714075,9137,nan,nan,nan,nan,nan,nan
1714054323.1936088,9138,nan,nan,nan,nan,nan,nan
1714054323.2149599,9139,nan,nan,nan,nan,nan,nan
1714054323.236317,9140,nan,nan,nan,nan,nan,nan
1714054323.2614627,9141,nan,nan,nan,nan,nan,nan
1714054323.28217,9142,nan,nan,nan,nan,nan,nan
1714054323.3055649,9143,nan,nan,nan,nan,nan,nan
1714054323.3288717,9144,nan,nan,nan,nan,nan,nan
1714054323.3514848,9145,nan,nan,nan,nan,nan,nan
1714054323.374136,9146,nan,nan,nan,nan,nan,nan
1714054323.3963318,9147,nan,nan,nan,nan,nan,nan
1714054323.4187438,9148,nan,nan,nan,nan,nan,nan
1714054323.4409654,9149,nan,nan,nan,nan,nan,nan
1714054323.464431,9150,nan,nan,nan,nan,nan,nan
1714054323.4876573,9151,nan,nan,nan,nan,nan,nan
1714054323.5122037,9152,nan,nan,nan,nan,nan,nan
1714054323.5340981,9153,nan,nan,nan,nan,nan,nan
1714054323.5573683,9154,nan,nan,nan,nan,nan,nan
1714054323.5787866,9155,nan,nan,nan,nan,nan,nan
1714054323.6006665,9156,nan,nan,nan,nan,nan,nan
1714054323.624335,9157,nan,nan,nan,nan,nan,nan
1714054323.6473973,9158,nan,nan,nan,nan,nan,nan
1714054323.6697714,9159,nan,nan,nan,nan,nan,nan
1714054323.6934466,9160,nan,nan,nan,nan,nan,nan
1714054323.716735,9161,nan,nan,nan,nan,nan,nan
1714054323.7401922,9162,nan,nan,nan,nan,nan,nan
1714054323.7624774,9163,nan,nan,nan,nan,nan,nan
1714054323.785218,9164,nan,nan,nan,nan,nan,nan
1714054323.8060808,9165,nan,nan,nan,nan,nan,nan
1714054323.827887,9166,nan,nan,nan,nan,nan,nan
1714054323.8496299,9167,nan,nan,nan,nan,nan,nan
1714054323.871622,9168,nan,nan,nan,nan,nan,nan
1714054323.8934464,9169,nan,nan,nan,nan,nan,nan
1714054323.916307,9170,nan,nan,nan,nan,nan,nan
1714054323.9389162,9171,nan,nan,nan,nan,nan,nan
1714054323.9633043,9172,nan,nan,nan,nan,nan,nan
1714054323.9865308,9173,nan,nan,nan,nan,nan,nan
1714054324.007838,9174,nan,nan,nan,nan,nan,nan
1714054324.0325716,9175,nan,nan,nan,nan,nan,nan
1714054324.057268,9176,nan,nan,nan,nan,nan,nan
1714054324.0748155,9177,nan,nan,nan,nan,nan,nan
1714054324.0968208,9178,nan,nan,nan,nan,nan,nan
1714054324.1181793,9179,nan,nan,nan,nan,nan,nan
1714054324.1392894,9180,nan,nan,nan,nan,nan,nan
1714054324.161557,9181,nan,nan,nan,nan,nan,nan
1714054324.1834607,9182,nan,nan,nan,nan,nan,nan
1714054324.2070136,9183,nan,nan,nan,nan,nan,nan
1714054324.2306433,9184,nan,nan,nan,nan,nan,nan
1714054324.2544546,9185,nan,nan,nan,nan,nan,nan
1714054324.277273,9186,nan,nan,nan,nan,nan,nan
1714054324.300613,9187,nan,nan,nan,nan,nan,nan
1714054324.322232,9188,nan,nan,nan,nan,nan,nan
1714054324.3435621,9189,nan,nan,nan,nan,nan,nan
1714054324.3662295,9190,nan,nan,nan,nan,nan,nan
1714054324.3878548,9191,nan,nan,nan,nan,nan,nan
1714054324.4111516,9192,nan,nan,nan,nan,nan,nan
1714054324.4333248,9193,nan,nan,nan,nan,nan,nan
1714054324.4553158,9194,nan,nan,nan,nan,nan,nan
1714054324.4773862,9195,nan,nan,nan,nan,nan,nan
1714054324.4984891,9196,nan,nan,nan,nan,nan,nan
1714054324.522186,9197,nan,nan,nan,nan,nan,nan
1714054324.5454726,9198,nan,nan,nan,nan,nan,nan
1714054324.5707777,9199,nan,nan,nan,nan,nan,nan
1714054324.594671,9200,nan,nan,nan,nan,nan,nan
1714054324.6177433,9201,nan,nan,nan,nan,nan,nan
1714054324.6405642,9202,nan,nan,nan,nan,nan,nan
1714054324.6615565,9203,nan,nan,nan,nan,nan,nan
1714054324.6836817,9204,nan,nan,nan,nan,nan,nan
1714054324.705866,9205,nan,nan,nan,nan,nan,nan
1714054324.7282565,9206,nan,nan,nan,nan,nan,nan
1714054324.7520418,9207,nan,nan,nan,nan,nan,nan
1714054324.7752998,9208,nan,nan,nan,nan,nan,nan
1714054324.798137,9209,nan,nan,nan,nan,nan,nan
1714054324.8195693,9210,nan,nan,nan,nan,nan,nan
1714054324.8414154,9211,nan,nan,nan,nan,nan,nan
1714054324.8641012,9212,nan,nan,nan,nan,nan,nan
1714054324.887064,9213,nan,nan,nan,nan,nan,nan
1714054324.9099731,9214,nan,nan,nan,nan,nan,nan
1714054324.9317563,9215,nan,nan,nan,nan,nan,nan
1714054324.9525745,9216,nan,nan,nan,nan,nan,nan
1714054324.9753916,9217,nan,nan,nan,nan,nan,nan
1714054324.997234,9218,nan,nan,nan,nan,nan,nan
1714054325.01914,9219,nan,nan,nan,nan,nan,nan
1714054325.0419905,9220,nan,nan,nan,nan,nan,nan
1714054325.0638444,9221,nan,nan,nan,nan,nan,nan
1714054325.0856998,9222,nan,nan,nan,nan,nan,nan
1714054325.1085873,9223,nan,nan,nan,nan,nan,nan
1714054325.1305664,9224,nan,nan,nan,nan,nan,nan
1714054325.152378,9225,nan,nan,nan,nan,nan,nan
1714054325.1741722,9226,nan,nan,nan,nan,nan,nan
1714054325.1970713,9227,nan,nan,nan,nan,nan,nan
1714054325.2189507,9228,nan,nan,nan,nan,nan,nan
1714054325.2417648,9229,nan,nan,nan,nan,nan,nan
1714054325.2636142,9230,nan,nan,nan,nan,nan,nan
1714054325.2854507,9231,nan,nan,nan,nan,nan,nan
1714054325.308303,9232,nan,nan,nan,nan,nan,nan
1714054325.3302324,9233,nan,nan,nan,nan,nan,nan
1714054325.3531504,9234,nan,nan,nan,nan,nan,nan
1714054325.3742836,9235,nan,nan,nan,nan,nan,nan
1714054325.3954556,9236,nan,nan,nan,nan,nan,nan
1714054325.4173129,9237,nan,nan,nan,nan,nan,nan
1714054325.4390886,9238,nan,nan,nan,nan,nan,nan
1714054325.4620008,9239,nan,nan,nan,nan,nan,nan
1714054325.4848828,9240,nan,nan,nan,nan,nan,nan
1714054325.5058215,9241,nan,nan,nan,nan,nan,nan
1714054325.528346,9242,nan,nan,nan,nan,nan,nan
1714054325.5504758,9243,nan,nan,nan,nan,nan,nan
1714054325.5724432,9244,nan,nan,nan,nan,nan,nan
1714054325.594393,9245,nan,nan,nan,nan,nan,nan
1714054325.6153195,9246,nan,nan,nan,nan,nan,nan
1714054325.6373274,9247,nan,nan,nan,nan,nan,nan
1714054325.6611004,9248,nan,nan,nan,nan,nan,nan
1714054325.6831288,9249,nan,nan,nan,nan,nan,nan
1714054325.7050567,9250,nan,nan,nan,nan,nan,nan
1714054325.727451,9251,nan,nan,nan,nan,nan,nan
1714054325.7491558,9252,nan,nan,nan,nan,nan,nan
1714054325.7728698,9253,nan,nan,nan,nan,nan,nan
1714054325.7990153,9254,nan,nan,nan,nan,nan,nan
1714054325.8206294,9255,nan,nan,nan,nan,nan,nan
1714054325.836768,9256,nan,nan,nan,nan,nan,nan
1714054325.85912,9257,nan,nan,nan,nan,nan,nan
1714054325.8819191,9258,nan,nan,nan,nan,nan,nan
1714054325.9045482,9259,nan,nan,nan,nan,nan,nan
1714054325.9263082,9260,nan,nan,nan,nan,nan,nan
1714054325.9488668,9261,nan,nan,nan,nan,nan,nan
1714054325.9712458,9262,nan,nan,nan,nan,nan,nan
1714054325.9930775,9263,nan,nan,nan,nan,nan,nan
1714054326.016977,9264,nan,nan,nan,nan,nan,nan
1714054326.0396726,9265,nan,nan,nan,nan,nan,nan
1714054326.0618432,9266,nan,nan,nan,nan,nan,nan
1714054326.0841205,9267,nan,nan,nan,nan,nan,nan
1714054326.1053724,9268,nan,nan,nan,nan,nan,nan
1714054326.1288216,9269,nan,nan,nan,nan,nan,nan
1714054326.1539094,9270,nan,nan,nan,nan,nan,nan
1714054326.179009,9271,nan,nan,nan,nan,nan,nan
1714054326.2011476,9272,nan,nan,nan,nan,nan,nan
1714054326.225319,9273,nan,nan,nan,nan,nan,nan
1714054326.2489722,9274,nan,nan,nan,nan,nan,nan
1714054326.2719784,9275,nan,nan,nan,nan,nan,nan
1714054326.2963576,9276,nan,nan,nan,nan,nan,nan
1714054326.322478,9277,nan,nan,nan,nan,nan,nan
1714054326.3480399,9278,nan,nan,nan,nan,nan,nan
1714054326.3662555,9279,nan,nan,nan,nan,nan,nan
1714054326.3892713,9280,nan,nan,nan,nan,nan,nan
1714054326.412215,9281,nan,nan,nan,nan,nan,nan
1714054326.4358978,9282,nan,nan,nan,nan,nan,nan
1714054326.4581466,9283,nan,nan,nan,nan,nan,nan
1714054326.4793348,9284,nan,nan,nan,nan,nan,nan
1714054326.5030727,9285,nan,nan,nan,nan,nan,nan
1714054326.5243506,9286,nan,nan,nan,nan,nan,nan
1714054326.5508592,9287,nan,nan,nan,nan,nan,nan
1714054326.5763817,9288,nan,nan,nan,nan,nan,nan
1714054326.5975003,9289,nan,nan,nan,nan,nan,nan
1714054326.622598,9290,nan,nan,nan,nan,nan,nan
1714054326.6447814,9291,nan,nan,nan,nan,nan,nan
1714054326.6668754,9292,nan,nan,nan,nan,nan,nan
1714054326.6802325,9293,nan,nan,nan,nan,nan,nan
1714054326.702916,9294,nan,nan,nan,nan,nan,nan
1714054326.7259288,9295,nan,nan,nan,nan,nan,nan
1714054326.7488556,9296,nan,nan,nan,nan,nan,nan
1714054326.7712884,9297,nan,nan,nan,nan,nan,nan
1714054326.794258,9298,nan,nan,nan,nan,nan,nan
1714054326.8177907,9299,nan,nan,nan,nan,nan,nan
1714054326.8380017,9300,nan,nan,nan,nan,nan,nan
1714054326.8605986,9301,nan,nan,nan,nan,nan,nan
1714054326.8841622,9302,nan,nan,nan,nan,nan,nan
1714054326.906198,9303,nan,nan,nan,nan,nan,nan
1714054326.9283333,9304,nan,nan,nan,nan,nan,nan
1714054326.9541888,9305,nan,nan,nan,nan,nan,nan
1714054326.9758058,9306,nan,nan,nan,nan,nan,nan
1714054326.9986136,9307,nan,nan,nan,nan,nan,nan
1714054327.0194361,9308,nan,nan,nan,nan,nan,nan
1714054327.0422947,9309,nan,nan,nan,nan,nan,nan
1714054327.0641983,9310,nan,nan,nan,nan,nan,nan
1714054327.0860903,9311,nan,nan,nan,nan,nan,nan
1714054327.1089423,9312,nan,nan,nan,nan,nan,nan
1714054327.130988,9313,nan,nan,nan,nan,nan,nan
1714054327.1518736,9314,nan,nan,nan,nan,nan,nan
1714054327.174743,9315,nan,nan,nan,nan,nan,nan
1714054327.1968777,9316,nan,nan,nan,nan,nan,nan
1714054327.219695,9317,nan,nan,nan,nan,nan,nan
1714054327.2415547,9318,nan,nan,nan,nan,nan,nan
1714054327.2645977,9319,nan,nan,nan,nan,nan,nan
1714054327.28662,9320,nan,nan,nan,nan,nan,nan
1714054327.3087115,9321,nan,nan,nan,nan,nan,nan
1714054327.3317454,9322,nan,nan,nan,nan,nan,nan
1714054327.35475,9323,nan,nan,nan,nan,nan,nan
1714054327.378893,9324,nan,nan,nan,nan,nan,nan
1714054327.3996112,9325,nan,nan,nan,nan,nan,nan
1714054327.4224477,9326,nan,nan,nan,nan,nan,nan
1714054327.4446828,9327,nan,nan,nan,nan,nan,nan
1714054327.4678767,9328,nan,nan,nan,nan,nan,nan
1714054327.4897683,9329,nan,nan,nan,nan,nan,nan
1714054327.5118876,9330,nan,nan,nan,nan,nan,nan
1714054327.5347953,9331,nan,nan,nan,nan,nan,nan
1714054327.55839,9332,nan,nan,nan,nan,nan,nan
1714054327.580096,9333,nan,nan,nan,nan,nan,nan
1714054327.6025314,9334,nan,nan,nan,nan,nan,nan
1714054327.6274054,9335,nan,nan,nan,nan,nan,nan
1714054327.6577737,9336,nan,nan,nan,nan,nan,nan
1714054327.6825566,9337,nan,nan,nan,nan,nan,nan
1714054327.6966918,9338,nan,nan,nan,nan,nan,nan
1714054327.7141566,9339,nan,nan,nan,nan,nan,nan
1714054327.7371554,9340,nan,nan,nan,nan,nan,nan
1714054327.759686,9341,nan,nan,nan,nan,nan,nan
1714054327.782571,9342,nan,nan,nan,nan,nan,nan
1714054327.8052247,9343,nan,nan,nan,nan,nan,nan
1714054327.8291836,9344,nan,nan,nan,nan,nan,nan
1714054327.8501318,9345,nan,nan,nan,nan,nan,nan
1714054327.8723469,9346,nan,nan,nan,nan,nan,nan
1714054327.895002,9347,nan,nan,nan,nan,nan,nan
1714054327.9189715,9348,nan,nan,nan,nan,nan,nan
1714054327.9397569,9349,nan,nan,nan,nan,nan,nan
1714054327.961857,9350,nan,nan,nan,nan,nan,nan
1714054327.9851744,9351,nan,nan,nan,nan,nan,nan
1714054328.0071106,9352,nan,nan,nan,nan,nan,nan
1714054328.02877,9353,nan,nan,nan,nan,nan,nan
1714054328.0516152,9354,nan,nan,nan,nan,nan,nan
1714054328.0736675,9355,nan,nan,nan,nan,nan,nan
1714054328.0955956,9356,nan,nan,nan,nan,nan,nan
1714054328.1174765,9357,nan,nan,nan,nan,nan,nan
1714054328.1404488,9358,nan,nan,nan,nan,nan,nan
1714054328.1643653,9359,nan,nan,nan,nan,nan,nan
1714054328.1881764,9360,nan,nan,nan,nan,nan,nan
1714054328.211052,9361,nan,nan,nan,nan,nan,nan
1714054328.2341352,9362,nan,nan,nan,nan,nan,nan
1714054328.2580953,9363,nan,nan,nan,nan,nan,nan
1714054328.2829604,9364,nan,nan,nan,nan,nan,nan
1714054328.3097436,9365,nan,nan,nan,nan,nan,nan
1714054328.3402195,9366,nan,nan,nan,nan,nan,nan
1714054328.371204,9367,nan,nan,nan,nan,nan,nan
1714054328.381024,9368,nan,nan,nan,nan,nan,nan
1714054328.3958123,9369,nan,nan,nan,nan,nan,nan
1714054328.4176302,9370,nan,nan,nan,nan,nan,nan
1714054328.4396434,9371,nan,nan,nan,nan,nan,nan
1714054328.4627168,9372,nan,nan,nan,nan,nan,nan
1714054328.484716,9373,nan,nan,nan,nan,nan,nan
1714054328.505863,9374,nan,nan,nan,nan,nan,nan
1714054328.5278106,9375,nan,nan,nan,nan,nan,nan
1714054328.5487342,9376,nan,nan,nan,nan,nan,nan
1714054328.5715594,9377,nan,nan,nan,nan,nan,nan
1714054328.5934885,9378,nan,nan,nan,nan,nan,nan
1714054328.6164267,9379,nan,nan,nan,nan,nan,nan
1714054328.6383483,9380,nan,nan,nan,nan,nan,nan
1714054328.6613262,9381,nan,nan,nan,nan,nan,nan
1714054328.6860504,9382,nan,nan,nan,nan,nan,nan
1714054328.7095551,9383,nan,nan,nan,nan,nan,nan
1714054328.7315583,9384,nan,nan,nan,nan,nan,nan
1714054328.754781,9385,nan,nan,nan,nan,nan,nan
1714054328.7755673,9386,nan,nan,nan,nan,nan,nan
1714054328.7984734,9387,nan,nan,nan,nan,nan,nan
1714054328.8203266,9388,nan,nan,nan,nan,nan,nan
1714054328.843319,9389,nan,nan,nan,nan,nan,nan
1714054328.8652828,9390,nan,nan,nan,nan,nan,nan
1714054328.8872228,9391,nan,nan,nan,nan,nan,nan
1714054328.9090693,9392,nan,nan,nan,nan,nan,nan
1714054328.9299192,9393,nan,nan,nan,nan,nan,nan
1714054328.9529989,9394,nan,nan,nan,nan,nan,nan
1714054328.9768996,9395,nan,nan,nan,nan,nan,nan
1714054328.9986055,9396,nan,nan,nan,nan,nan,nan
1714054329.0327685,9397,nan,nan,nan,nan,nan,nan
1714054329.0528429,9398,nan,nan,nan,nan,nan,nan
1714054329.070375,9399,nan,nan,nan,nan,nan,nan
1714054329.092876,9400,nan,nan,nan,nan,nan,nan
1714054329.113771,9401,nan,nan,nan,nan,nan,nan
1714054329.1370153,9402,nan,nan,nan,nan,nan,nan
1714054329.1596928,9403,nan,nan,nan,nan,nan,nan
1714054329.1855285,9404,nan,nan,nan,nan,nan,nan
1714054329.207294,9405,nan,nan,nan,nan,nan,nan
1714054329.232748,9406,nan,nan,nan,nan,nan,nan
1714054329.2564576,9407,nan,nan,nan,nan,nan,nan
1714054329.2788262,9408,nan,nan,nan,nan,nan,nan
1714054329.300711,9409,nan,nan,nan,nan,nan,nan
1714054329.3244615,9410,nan,nan,nan,nan,nan,nan
1714054329.3465412,9411,nan,nan,nan,nan,nan,nan
1714054329.367695,9412,nan,nan,nan,nan,nan,nan
1714054329.3908615,9413,nan,nan,nan,nan,nan,nan
1714054329.412116,9414,nan,nan,nan,nan,nan,nan
1714054329.4356468,9415,nan,nan,nan,nan,nan,nan
1714054329.4565187,9416,nan,nan,nan,nan,nan,nan
1714054329.4787498,9417,nan,nan,nan,nan,nan,nan
1714054329.5006957,9418,nan,nan,nan,nan,nan,nan
1714054329.52277,9419,nan,nan,nan,nan,nan,nan
1714054329.5459516,9420,nan,nan,nan,nan,nan,nan
1714054329.567085,9421,nan,nan,nan,nan,nan,nan
1714054329.5909836,9422,nan,nan,nan,nan,nan,nan
1714054329.6152878,9423,nan,nan,nan,nan,nan,nan
1714054329.6358013,9424,nan,nan,nan,nan,nan,nan
1714054329.6588612,9425,nan,nan,nan,nan,nan,nan
1714054329.680912,9426,nan,nan,nan,nan,nan,nan
1714054329.704037,9427,nan,nan,nan,nan,nan,nan
1714054329.7279348,9428,nan,nan,nan,nan,nan,nan
1714054329.7500086,9429,nan,nan,nan,nan,nan,nan
1714054329.7714097,9430,nan,nan,nan,nan,nan,nan
1714054329.794293,9431,nan,nan,nan,nan,nan,nan
1714054329.8184404,9432,nan,nan,nan,nan,nan,nan
1714054329.8421574,9433,nan,nan,nan,nan,nan,nan
1714054329.8638408,9434,nan,nan,nan,nan,nan,nan
1714054329.889027,9435,nan,nan,nan,nan,nan,nan
1714054329.914328,9436,nan,nan,nan,nan,nan,nan
1714054329.9477496,9437,nan,nan,nan,nan,nan,nan
1714054329.9851289,9438,nan,nan,nan,nan,nan,nan
1714054330.0133731,9439,nan,nan,nan,nan,nan,nan
1714054330.0516167,9440,nan,nan,nan,nan,nan,nan
1714054330.0843613,9441,nan,nan,nan,nan,nan,nan
1714054330.1063364,9442,nan,nan,nan,nan,nan,nan
1714054330.1416068,9443,nan,nan,nan,nan,nan,nan
1714054330.1722105,9444,nan,nan,nan,nan,nan,nan
1714054330.2065809,9445,nan,nan,nan,nan,nan,nan
1714054330.233817,9446,nan,nan,nan,nan,nan,nan
1714054330.2531319,9447,nan,nan,nan,nan,nan,nan
1714054330.2666965,9448,nan,nan,nan,nan,nan,nan
1714054330.2818825,9449,nan,nan,nan,nan,nan,nan
1714054330.290784,9450,nan,nan,nan,nan,nan,nan
1714054330.3096645,9451,nan,nan,nan,nan,nan,nan
1714054330.3306565,9452,nan,nan,nan,nan,nan,nan
1714054330.3526883,9453,nan,nan,nan,nan,nan,nan
1714054330.3749564,9454,nan,nan,nan,nan,nan,nan
1714054330.3960304,9455,nan,nan,nan,nan,nan,nan
1714054330.4195528,9456,nan,nan,nan,nan,nan,nan
1714054330.4419162,9457,nan,nan,nan,nan,nan,nan
1714054330.4638793,9458,nan,nan,nan,nan,nan,nan
1714054330.4857628,9459,nan,nan,nan,nan,nan,nan
1714054330.5098648,9460,nan,nan,nan,nan,nan,nan
1714054330.531031,9461,nan,nan,nan,nan,nan,nan
1714054330.5669415,9462,nan,nan,nan,nan,nan,nan
1714054330.59322,9463,nan,nan,nan,nan,nan,nan
1714054330.6112704,9464,nan,nan,nan,nan,nan,nan
1714054330.6209164,9465,nan,nan,nan,nan,nan,nan
1714054330.6436608,9466,nan,nan,nan,nan,nan,nan
1714054330.6657984,9467,nan,nan,nan,nan,nan,nan
1714054330.6888998,9468,nan,nan,nan,nan,nan,nan
1714054330.7136796,9469,nan,nan,nan,nan,nan,nan
1714054330.7370324,9470,nan,nan,nan,nan,nan,nan
1714054330.7600942,9471,nan,nan,nan,nan,nan,nan
1714054330.7819855,9472,nan,nan,nan,nan,nan,nan
1714054330.8038757,9473,nan,nan,nan,nan,nan,nan
1714054330.8260212,9474,nan,nan,nan,nan,nan,nan
1714054330.8490386,9475,nan,nan,nan,nan,nan,nan
1714054330.871495,9476,nan,nan,nan,nan,nan,nan
1714054330.8935049,9477,nan,nan,nan,nan,nan,nan
1714054330.915699,9478,nan,nan,nan,nan,nan,nan
1714054330.9463623,9479,nan,nan,nan,nan,nan,nan
1714054330.9676228,9480,nan,nan,nan,nan,nan,nan
1714054330.9821403,9481,nan,nan,nan,nan,nan,nan
1714054331.0040855,9482,nan,nan,nan,nan,nan,nan
1714054331.0272865,9483,nan,nan,nan,nan,nan,nan
1714054331.0485644,9484,nan,nan,nan,nan,nan,nan
1714054331.071361,9485,nan,nan,nan,nan,nan,nan
1714054331.0935087,9486,nan,nan,nan,nan,nan,nan
1714054331.1151621,9487,nan,nan,nan,nan,nan,nan
1714054331.1366553,9488,nan,nan,nan,nan,nan,nan
1714054331.1594653,9489,nan,nan,nan,nan,nan,nan
1714054331.182557,9490,nan,nan,nan,nan,nan,nan
1714054331.208272,9491,nan,nan,nan,nan,nan,nan
1714054331.2372677,9492,nan,nan,nan,nan,nan,nan
1714054331.2585692,9493,nan,nan,nan,nan,nan,nan
1714054331.2731628,9494,nan,nan,nan,nan,nan,nan
1714054331.295796,9495,nan,nan,nan,nan,nan,nan
1714054331.3179605,9496,nan,nan,nan,nan,nan,nan
1714054331.3394973,9497,nan,nan,nan,nan,nan,nan
1714054331.3629816,9498,nan,nan,nan,nan,nan,nan
1714054331.3867412,9499,nan,nan,nan,nan,nan,nan
1714054331.4062715,9500,nan,nan,nan,nan,nan,nan
1714054331.4287264,9501,nan,nan,nan,nan,nan,nan
1714054331.4507024,9502,nan,nan,nan,nan,nan,nan
1714054331.4732182,9503,nan,nan,nan,nan,nan,nan
1714054331.495299,9504,nan,nan,nan,nan,nan,nan
1714054331.5329611,9505,nan,nan,nan,nan,nan,nan
1714054331.5763135,9506,nan,nan,nan,nan,nan,nan
1714054331.5981185,9507,nan,nan,nan,nan,nan,nan
1714054331.6137612,9508,nan,nan,nan,nan,nan,nan
1714054331.625699,9509,nan,nan,nan,nan,nan,nan
1714054331.6346142,9510,nan,nan,nan,nan,nan,nan
1714054331.6551156,9511,nan,nan,nan,nan,nan,nan
1714054331.6778479,9512,nan,nan,nan,nan,nan,nan
1714054331.7002165,9513,nan,nan,nan,nan,nan,nan
1714054331.7270546,9514,nan,nan,nan,nan,nan,nan
1714054331.7460983,9515,nan,nan,nan,nan,nan,nan
1714054331.7672226,9516,nan,nan,nan,nan,nan,nan
1714054331.7881536,9517,nan,nan,nan,nan,nan,nan
1714054331.8099732,9518,nan,nan,nan,nan,nan,nan
1714054331.8338203,9519,nan,nan,nan,nan,nan,nan
1714054331.8609924,9520,nan,nan,nan,nan,nan,nan
1714054331.8800156,9521,nan,nan,nan,nan,nan,nan
1714054331.9023483,9522,nan,nan,nan,nan,nan,nan
1714054331.9254503,9523,nan,nan,nan,nan,nan,nan
1714054331.9496615,9524,nan,nan,nan,nan,nan,nan
1714054331.9733214,9525,nan,nan,nan,nan,nan,nan
1714054332.0017643,9526,nan,nan,nan,nan,nan,nan
1714054332.0318284,9527,nan,nan,nan,nan,nan,nan
1714054332.0547879,9528,nan,nan,nan,nan,nan,nan
1714054332.0649045,9529,nan,nan,nan,nan,nan,nan
1714054332.087896,9530,nan,nan,nan,nan,nan,nan
1714054332.1098866,9531,nan,nan,nan,nan,nan,nan
1714054332.1363301,9532,nan,nan,nan,nan,nan,nan
1714054332.1625903,9533,nan,nan,nan,nan,nan,nan
1714054332.1968327,9534,nan,nan,nan,nan,nan,nan
1714054332.2238634,9535,nan,nan,nan,nan,nan,nan
1714054332.2470236,9536,nan,nan,nan,nan,nan,nan
1714054332.2595863,9537,nan,nan,nan,nan,nan,nan
1714054332.2807481,9538,nan,nan,nan,nan,nan,nan
1714054332.313702,9539,nan,nan,nan,nan,nan,nan
1714054332.333463,9540,nan,nan,nan,nan,nan,nan
1714054332.3458562,9541,nan,nan,nan,nan,nan,nan
1714054332.368296,9542,nan,nan,nan,nan,nan,nan
1714054332.3896217,9543,nan,nan,nan,nan,nan,nan
1714054332.4143887,9544,nan,nan,nan,nan,nan,nan
1714054332.434291,9545,nan,nan,nan,nan,nan,nan
1714054332.4589777,9546,nan,nan,nan,nan,nan,nan
1714054332.479857,9547,nan,nan,nan,nan,nan,nan
1714054332.503271,9548,nan,nan,nan,nan,nan,nan
1714054332.5262587,9549,nan,nan,nan,nan,nan,nan
1714054332.5476644,9550,nan,nan,nan,nan,nan,nan
1714054332.5701268,9551,nan,nan,nan,nan,nan,nan
1714054332.5928614,9552,nan,nan,nan,nan,nan,nan
1714054332.617292,9553,nan,nan,nan,nan,nan,nan
1714054332.6404471,9554,nan,nan,nan,nan,nan,nan
1714054332.6630642,9555,nan,nan,nan,nan,nan,nan
1714054332.6891515,9556,nan,nan,nan,nan,nan,nan
1714054332.708691,9557,nan,nan,nan,nan,nan,nan
1714054332.7314873,9558,nan,nan,nan,nan,nan,nan
1714054332.75337,9559,nan,nan,nan,nan,nan,nan
1714054332.775217,9560,nan,nan,nan,nan,nan,nan
1714054332.7962027,9561,nan,nan,nan,nan,nan,nan
1714054332.8183787,9562,nan,nan,nan,nan,nan,nan
1714054332.8403594,9563,nan,nan,nan,nan,nan,nan
1714054332.8622987,9564,nan,nan,nan,nan,nan,nan
1714054332.8842719,9565,nan,nan,nan,nan,nan,nan
1714054332.9070501,9566,nan,nan,nan,nan,nan,nan
1714054332.9288177,9567,nan,nan,nan,nan,nan,nan
1714054332.951625,9568,nan,nan,nan,nan,nan,nan
1714054332.972545,9569,nan,nan,nan,nan,nan,nan
1714054332.9945178,9570,nan,nan,nan,nan,nan,nan
1714054333.0183299,9571,nan,nan,nan,nan,nan,nan
1714054333.0411851,9572,nan,nan,nan,nan,nan,nan
1714054333.0635748,9573,nan,nan,nan,nan,nan,nan
1714054333.0866432,9574,nan,nan,nan,nan,nan,nan
1714054333.1095943,9575,nan,nan,nan,nan,nan,nan
1714054333.1315618,9576,nan,nan,nan,nan,nan,nan
1714054333.1546292,9577,nan,nan,nan,nan,nan,nan
1714054333.1770186,9578,nan,nan,nan,nan,nan,nan
1714054333.203097,9579,nan,nan,nan,nan,nan,nan
1714054333.2267547,9580,nan,nan,nan,nan,nan,nan
1714054333.24366,9581,nan,nan,nan,nan,nan,nan
1714054333.2657437,9582,nan,nan,nan,nan,nan,nan
1714054333.289375,9583,nan,nan,nan,nan,nan,nan
1714054333.3127458,9584,nan,nan,nan,nan,nan,nan
1714054333.3346753,9585,nan,nan,nan,nan,nan,nan
1714054333.3571146,9586,nan,nan,nan,nan,nan,nan
1714054333.3791347,9587,nan,nan,nan,nan,nan,nan
1714054333.4019449,9588,nan,nan,nan,nan,nan,nan
1714054333.4255264,9589,nan,nan,nan,nan,nan,nan
1714054333.4450262,9590,nan,nan,nan,nan,nan,nan
1714054333.4686608,9591,nan,nan,nan,nan,nan,nan
1714054333.4891984,9592,nan,nan,nan,nan,nan,nan
1714054333.5116608,9593,nan,nan,nan,nan,nan,nan
1714054333.535831,9594,nan,nan,nan,nan,nan,nan
1714054333.5568616,9595,nan,nan,nan,nan,nan,nan
1714054333.5787985,9596,nan,nan,nan,nan,nan,nan
1714054333.6023693,9597,nan,nan,nan,nan,nan,nan
1714054333.6261642,9598,nan,nan,nan,nan,nan,nan
1714054333.6491206,9599,nan,nan,nan,nan,nan,nan
1714054333.6786969,9600,nan,nan,nan,nan,nan,nan
1714054333.7109814,9601,nan,nan,nan,nan,nan,nan
1714054333.7199214,9602,nan,nan,nan,nan,nan,nan
1714054333.7415848,9603,nan,nan,nan,nan,nan,nan
1714054333.7646582,9604,nan,nan,nan,nan,nan,nan
1714054333.787603,9605,nan,nan,nan,nan,nan,nan
1714054333.810099,9606,nan,nan,nan,nan,nan,nan
1714054333.8395555,9607,nan,nan,nan,nan,nan,nan
1714054333.861563,9608,nan,nan,nan,nan,nan,nan
1714054333.910914,9609,nan,nan,nan,nan,nan,nan
1714054333.9416466,9610,nan,nan,nan,nan,nan,nan
1714054333.9541986,9611,nan,nan,nan,nan,nan,nan
1714054333.9746773,9612,nan,nan,nan,nan,nan,nan
1714054333.9926798,9613,nan,nan,nan,nan,nan,nan
1714054334.0097454,9614,nan,nan,nan,nan,nan,nan
1714054334.0328534,9615,nan,nan,nan,nan,nan,nan
1714054334.055805,9616,nan,nan,nan,nan,nan,nan
1714054334.0823238,9617,nan,nan,nan,nan,nan,nan
1714054334.105052,9618,nan,nan,nan,nan,nan,nan
1714054334.1311824,9619,nan,nan,nan,nan,nan,nan
1714054334.1532598,9620,nan,nan,nan,nan,nan,nan
1714054334.1753392,9621,nan,nan,nan,nan,nan,nan
1714054334.1972153,9622,nan,nan,nan,nan,nan,nan
1714054334.22212,9623,nan,nan,nan,nan,nan,nan
1714054334.2405274,9624,nan,nan,nan,nan,nan,nan
1714054334.2663863,9625,nan,nan,nan,nan,nan,nan
1714054334.2942252,9626,nan,nan,nan,nan,nan,nan
1714054334.313037,9627,nan,nan,nan,nan,nan,nan
1714054334.3349428,9628,nan,nan,nan,nan,nan,nan
1714054334.357407,9629,nan,nan,nan,nan,nan,nan
1714054334.3794553,9630,nan,nan,nan,nan,nan,nan
1714054334.4006114,9631,nan,nan,nan,nan,nan,nan
1714054334.4223838,9632,nan,nan,nan,nan,nan,nan
1714054334.4455886,9633,nan,nan,nan,nan,nan,nan
1714054334.4673798,9634,nan,nan,nan,nan,nan,nan
1714054334.4893913,9635,nan,nan,nan,nan,nan,nan
1714054334.511917,9636,nan,nan,nan,nan,nan,nan
1714054334.5339518,9637,nan,nan,nan,nan,nan,nan
1714054334.559579,9638,nan,nan,nan,nan,nan,nan
1714054334.5816588,9639,nan,nan,nan,nan,nan,nan
1714054334.6041448,9640,nan,nan,nan,nan,nan,nan
1714054334.6255364,9641,nan,nan,nan,nan,nan,nan
1714054334.647521,9642,nan,nan,nan,nan,nan,nan
1714054334.6693192,9643,nan,nan,nan,nan,nan,nan
1714054334.6913464,9644,nan,nan,nan,nan,nan,nan
1714054334.7144425,9645,nan,nan,nan,nan,nan,nan
1714054334.7364357,9646,nan,nan,nan,nan,nan,nan
1714054334.765981,9647,nan,nan,nan,nan,nan,nan
1714054334.795921,9648,nan,nan,nan,nan,nan,nan
1714054334.824288,9649,nan,nan,nan,nan,nan,nan
1714054334.8655765,9650,nan,nan,nan,nan,nan,nan
1714054334.8906114,9651,nan,nan,nan,nan,nan,nan
1714054334.9132717,9652,nan,nan,nan,nan,nan,nan
1714054334.9433303,9653,nan,nan,nan,nan,nan,nan
1714054334.9684517,9654,nan,nan,nan,nan,nan,nan
1714054335.0036416,9655,nan,nan,nan,nan,nan,nan
1714054335.0443296,9656,nan,nan,nan,nan,nan,nan
1714054335.0639367,9657,nan,nan,nan,nan,nan,nan
1714054335.0728788,9658,nan,nan,nan,nan,nan,nan
1714054335.0865843,9659,nan,nan,nan,nan,nan,nan
1714054335.1081994,9660,nan,nan,nan,nan,nan,nan
1714054335.1308846,9661,nan,nan,nan,nan,nan,nan
1714054335.152658,9662,nan,nan,nan,nan,nan,nan
1714054335.175405,9663,nan,nan,nan,nan,nan,nan
1714054335.197545,9664,nan,nan,nan,nan,nan,nan
1714054335.2198527,9665,nan,nan,nan,nan,nan,nan
1714054335.2561707,9666,nan,nan,nan,nan,nan,nan
1714054335.3025227,9667,nan,nan,nan,nan,nan,nan
1714054335.3367043,9668,nan,nan,nan,nan,nan,nan
1714054335.3598921,9669,nan,nan,nan,nan,nan,nan
1714054335.3917968,9670,nan,nan,nan,nan,nan,nan
1714054335.4277217,9671,nan,nan,nan,nan,nan,nan
1714054335.4431183,9672,nan,nan,nan,nan,nan,nan
1714054335.4563646,9673,nan,nan,nan,nan,nan,nan
1714054335.4702418,9674,nan,nan,nan,nan,nan,nan
1714054335.4943476,9675,nan,nan,nan,nan,nan,nan
1714054335.516497,9676,nan,nan,nan,nan,nan,nan
1714054335.5387368,9677,nan,nan,nan,nan,nan,nan
1714054335.5620034,9678,nan,nan,nan,nan,nan,nan
1714054335.5857246,9679,nan,nan,nan,nan,nan,nan
1714054335.6076665,9680,nan,nan,nan,nan,nan,nan
1714054335.6298065,9681,nan,nan,nan,nan,nan,nan
1714054335.6539857,9682,nan,nan,nan,nan,nan,nan
1714054335.675065,9683,nan,nan,nan,nan,nan,nan
1714054335.6972566,9684,nan,nan,nan,nan,nan,nan
1714054335.720587,9685,nan,nan,nan,nan,nan,nan
1714054335.746265,9686,nan,nan,nan,nan,nan,nan
1714054335.7681994,9687,nan,nan,nan,nan,nan,nan
1714054335.7914577,9688,nan,nan,nan,nan,nan,nan
1714054335.8145225,9689,nan,nan,nan,nan,nan,nan
1714054335.8358376,9690,nan,nan,nan,nan,nan,nan
1714054335.858137,9691,nan,nan,nan,nan,nan,nan
1714054335.880383,9692,nan,nan,nan,nan,nan,nan
1714054335.9024768,9693,nan,nan,nan,nan,nan,nan
1714054335.9265985,9694,nan,nan,nan,nan,nan,nan
1714054335.946545,9695,nan,nan,nan,nan,nan,nan
1714054335.9700785,9696,nan,nan,nan,nan,nan,nan
1714054335.990003,9697,nan,nan,nan,nan,nan,nan
1714054336.0119143,9698,nan,nan,nan,nan,nan,nan
1714054336.036213,9699,nan,nan,nan,nan,nan,nan
1714054336.0590997,9700,nan,nan,nan,nan,nan,nan
1714054336.0809653,9701,nan,nan,nan,nan,nan,nan
1714054336.1041305,9702,nan,nan,nan,nan,nan,nan
1714054336.1265368,9703,nan,nan,nan,nan,nan,nan
1714054336.1487,9704,nan,nan,nan,nan,nan,nan
1714054336.1714172,9705,nan,nan,nan,nan,nan,nan
1714054336.195255,9706,nan,nan,nan,nan,nan,nan
1714054336.2377968,9707,nan,nan,nan,nan,nan,nan
1714054336.2591565,9708,nan,nan,nan,nan,nan,nan
1714054336.275338,9709,nan,nan,nan,nan,nan,nan
1714054336.2905443,9710,nan,nan,nan,nan,nan,nan
1714054336.311342,9711,nan,nan,nan,nan,nan,nan
1714054336.3341978,9712,nan,nan,nan,nan,nan,nan
1714054336.3582869,9713,nan,nan,nan,nan,nan,nan
1714054336.3813586,9714,nan,nan,nan,nan,nan,nan
1714054336.4049742,9715,nan,nan,nan,nan,nan,nan
1714054336.431234,9716,nan,nan,nan,nan,nan,nan
1714054336.4509509,9717,nan,nan,nan,nan,nan,nan
1714054336.4727762,9718,nan,nan,nan,nan,nan,nan
1714054336.4962647,9719,nan,nan,nan,nan,nan,nan
1714054336.5193675,9720,nan,nan,nan,nan,nan,nan
1714054336.5425384,9721,nan,nan,nan,nan,nan,nan
1714054336.564919,9722,nan,nan,nan,nan,nan,nan
1714054336.58969,9723,nan,nan,nan,nan,nan,nan
1714054336.608588,9724,nan,nan,nan,nan,nan,nan
1714054336.6315968,9725,nan,nan,nan,nan,nan,nan
1714054336.6535308,9726,nan,nan,nan,nan,nan,nan
1714054336.676848,9727,nan,nan,nan,nan,nan,nan
1714054336.6979907,9728,nan,nan,nan,nan,nan,nan
1714054336.7201927,9729,nan,nan,nan,nan,nan,nan
1714054336.7420864,9730,nan,nan,nan,nan,nan,nan
1714054336.7651293,9731,nan,nan,nan,nan,nan,nan
1714054336.7870514,9732,nan,nan,nan,nan,nan,nan
1714054336.808803,9733,nan,nan,nan,nan,nan,nan
1714054336.8316936,9734,nan,nan,nan,nan,nan,nan
1714054336.8526747,9735,nan,nan,nan,nan,nan,nan
1714054336.8748252,9736,nan,nan,nan,nan,nan,nan
1714054336.895995,9737,nan,nan,nan,nan,nan,nan
1714054336.917844,9738,nan,nan,nan,nan,nan,nan
1714054336.9409826,9739,nan,nan,nan,nan,nan,nan
1714054336.9640095,9740,nan,nan,nan,nan,nan,nan
1714054336.9875271,9741,nan,nan,nan,nan,nan,nan
1714054337.023418,9742,nan,nan,nan,nan,nan,nan
1714054337.0498857,9743,nan,nan,nan,nan,nan,nan
1714054337.0749247,9744,nan,nan,nan,nan,nan,nan
1714054337.0891786,9745,nan,nan,nan,nan,nan,nan
1714054337.1093333,9746,nan,nan,nan,nan,nan,nan
1714054337.1326177,9747,nan,nan,nan,nan,nan,nan
1714054337.1488433,9748,nan,nan,nan,nan,nan,nan
1714054337.1698472,9749,nan,nan,nan,nan,nan,nan
1714054337.1916184,9750,nan,nan,nan,nan,nan,nan
1714054337.2141259,9751,nan,nan,nan,nan,nan,nan
1714054337.2356596,9752,nan,nan,nan,nan,nan,nan
1714054337.259862,9753,nan,nan,nan,nan,nan,nan
1714054337.2884943,9754,nan,nan,nan,nan,nan,nan
1714054337.3044808,9755,nan,nan,nan,nan,nan,nan
1714054337.3264186,9756,nan,nan,nan,nan,nan,nan
1714054337.3495524,9757,nan,nan,nan,nan,nan,nan
1714054337.371114,9758,nan,nan,nan,nan,nan,nan
1714054337.3939142,9759,nan,nan,nan,nan,nan,nan
1714054337.416391,9760,nan,nan,nan,nan,nan,nan
1714054337.4379458,9761,nan,nan,nan,nan,nan,nan
1714054337.4597502,9762,nan,nan,nan,nan,nan,nan
1714054337.4817698,9763,nan,nan,nan,nan,nan,nan
1714054337.5045085,9764,nan,nan,nan,nan,nan,nan
1714054337.526618,9765,nan,nan,nan,nan,nan,nan
1714054337.5516648,9766,nan,nan,nan,nan,nan,nan
1714054337.5717425,9767,nan,nan,nan,nan,nan,nan
1714054337.5949135,9768,nan,nan,nan,nan,nan,nan
1714054337.6175888,9769,nan,nan,nan,nan,nan,nan
1714054337.640262,9770,nan,nan,nan,nan,nan,nan
1714054337.664356,9771,nan,nan,nan,nan,nan,nan
1714054337.703314,9772,nan,nan,nan,nan,nan,nan
1714054337.7401876,9773,nan,nan,nan,nan,nan,nan
1714054337.752764,9774,nan,nan,nan,nan,nan,nan
1714054337.7614126,9775,nan,nan,nan,nan,nan,nan
1714054337.7761822,9776,nan,nan,nan,nan,nan,nan
1714054337.7994342,9777,nan,nan,nan,nan,nan,nan
1714054337.8208952,9778,nan,nan,nan,nan,nan,nan
1714054337.8430533,9779,nan,nan,nan,nan,nan,nan
1714054337.8657277,9780,nan,nan,nan,nan,nan,nan
1714054337.8882985,9781,nan,nan,nan,nan,nan,nan
1714054337.9101377,9782,nan,nan,nan,nan,nan,nan
1714054337.9339445,9783,nan,nan,nan,nan,nan,nan
1714054337.955668,9784,nan,nan,nan,nan,nan,nan
1714054337.9801073,9785,nan,nan,nan,nan,nan,nan
1714054338.0023355,9786,nan,nan,nan,nan,nan,nan
1714054338.024035,9787,nan,nan,nan,nan,nan,nan
1714054338.0470295,9788,nan,nan,nan,nan,nan,nan
1714054338.0682387,9789,nan,nan,nan,nan,nan,nan
1714054338.0900307,9790,nan,nan,nan,nan,nan,nan
1714054338.1113546,9791,nan,nan,nan,nan,nan,nan
1714054338.1346078,9792,nan,nan,nan,nan,nan,nan
1714054338.1591437,9793,nan,nan,nan,nan,nan,nan
1714054338.1800303,9794,nan,nan,nan,nan,nan,nan
1714054338.2018654,9795,nan,nan,nan,nan,nan,nan
1714054338.224388,9796,nan,nan,nan,nan,nan,nan
1714054338.2463083,9797,nan,nan,nan,nan,nan,nan
1714054338.2670825,9798,nan,nan,nan,nan,nan,nan
1714054338.2918658,9799,nan,nan,nan,nan,nan,nan
1714054338.3149977,9800,nan,nan,nan,nan,nan,nan
1714054338.3368433,9801,nan,nan,nan,nan,nan,nan
1714054338.359752,9802,nan,nan,nan,nan,nan,nan
1714054338.382942,9803,nan,nan,nan,nan,nan,nan
1714054338.4043214,9804,nan,nan,nan,nan,nan,nan
1714054338.4270544,9805,nan,nan,nan,nan,nan,nan
1714054338.4474978,9806,nan,nan,nan,nan,nan,nan
1714054338.4704423,9807,nan,nan,nan,nan,nan,nan
1714054338.493456,9808,nan,nan,nan,nan,nan,nan
1714054338.5145786,9809,nan,nan,nan,nan,nan,nan
1714054338.536496,9810,nan,nan,nan,nan,nan,nan
1714054338.5585113,9811,nan,nan,nan,nan,nan,nan
1714054338.5801294,9812,nan,nan,nan,nan,nan,nan
1714054338.601489,9813,nan,nan,nan,nan,nan,nan
1714054338.624359,9814,nan,nan,nan,nan,nan,nan
1714054338.6463678,9815,nan,nan,nan,nan,nan,nan
1714054338.6693544,9816,nan,nan,nan,nan,nan,nan
1714054338.691269,9817,nan,nan,nan,nan,nan,nan
1714054338.7138577,9818,nan,nan,nan,nan,nan,nan
1714054338.7349553,9819,nan,nan,nan,nan,nan,nan
1714054338.758007,9820,nan,nan,nan,nan,nan,nan
1714054338.7790732,9821,nan,nan,nan,nan,nan,nan
1714054338.8011835,9822,nan,nan,nan,nan,nan,nan
1714054338.8231907,9823,nan,nan,nan,nan,nan,nan
1714054338.845787,9824,nan,nan,nan,nan,nan,nan
1714054338.8678548,9825,nan,nan,nan,nan,nan,nan
1714054338.8898458,9826,nan,nan,nan,nan,nan,nan
1714054338.9122288,9827,nan,nan,nan,nan,nan,nan
1714054338.935019,9828,nan,nan,nan,nan,nan,nan
1714054338.9569933,9829,nan,nan,nan,nan,nan,nan
1714054338.9789522,9830,nan,nan,nan,nan,nan,nan
1714054339.0010908,9831,nan,nan,nan,nan,nan,nan
1714054339.023324,9832,nan,nan,nan,nan,nan,nan
1714054339.045428,9833,nan,nan,nan,nan,nan,nan
1714054339.068683,9834,nan,nan,nan,nan,nan,nan
1714054339.0911462,9835,nan,nan,nan,nan,nan,nan
1714054339.112511,9836,nan,nan,nan,nan,nan,nan
1714054339.1348011,9837,nan,nan,nan,nan,nan,nan
1714054339.1557868,9838,nan,nan,nan,nan,nan,nan
1714054339.1785667,9839,nan,nan,nan,nan,nan,nan
1714054339.200542,9840,nan,nan,nan,nan,nan,nan
1714054339.2214293,9841,nan,nan,nan,nan,nan,nan
1714054339.243527,9842,nan,nan,nan,nan,nan,nan
1714054339.2680502,9843,nan,nan,nan,nan,nan,nan
1714054339.2913206,9844,nan,nan,nan,nan,nan,nan
1714054339.3118517,9845,nan,nan,nan,nan,nan,nan
1714054339.3339043,9846,nan,nan,nan,nan,nan,nan
1714054339.3558328,9847,nan,nan,nan,nan,nan,nan
1714054339.3789246,9848,nan,nan,nan,nan,nan,nan
1714054339.4007983,9849,nan,nan,nan,nan,nan,nan
1714054339.4228606,9850,nan,nan,nan,nan,nan,nan
1714054339.4440408,9851,nan,nan,nan,nan,nan,nan
1714054339.465879,9852,nan,nan,nan,nan,nan,nan
1714054339.4879196,9853,nan,nan,nan,nan,nan,nan
1714054339.509695,9854,nan,nan,nan,nan,nan,nan
1714054339.5315402,9855,nan,nan,nan,nan,nan,nan
1714054339.553421,9856,nan,nan,nan,nan,nan,nan
1714054339.5771146,9857,nan,nan,nan,nan,nan,nan
1714054339.5992775,9858,nan,nan,nan,nan,nan,nan
1714054339.6232696,9859,nan,nan,nan,nan,nan,nan
1714054339.6453354,9860,nan,nan,nan,nan,nan,nan
1714054339.668003,9861,nan,nan,nan,nan,nan,nan
1714054339.6923459,9862,nan,nan,nan,nan,nan,nan
1714054339.7292035,9863,nan,nan,nan,nan,nan,nan
1714054339.749182,9864,nan,nan,nan,nan,nan,nan
1714054339.7722485,9865,nan,nan,nan,nan,nan,nan
1714054339.7912998,9866,nan,nan,nan,nan,nan,nan
1714054339.807373,9867,nan,nan,nan,nan,nan,nan
1714054339.832879,9868,nan,nan,nan,nan,nan,nan
1714054339.8502476,9869,nan,nan,nan,nan,nan,nan
1714054339.8728533,9870,nan,nan,nan,nan,nan,nan
1714054339.8965719,9871,nan,nan,nan,nan,nan,nan
1714054339.9203422,9872,nan,nan,nan,nan,nan,nan
1714054339.942977,9873,nan,nan,nan,nan,nan,nan
1714054339.9638953,9874,nan,nan,nan,nan,nan,nan
1714054339.9859552,9875,nan,nan,nan,nan,nan,nan
1714054340.0080736,9876,nan,nan,nan,nan,nan,nan
1714054340.0308323,9877,nan,nan,nan,nan,nan,nan
1714054340.0595548,9878,nan,nan,nan,nan,nan,nan
1714054340.0899591,9879,nan,nan,nan,nan,nan,nan
1714054340.0992715,9880,nan,nan,nan,nan,nan,nan
1714054340.1212213,9881,nan,nan,nan,nan,nan,nan
1714054340.144103,9882,nan,nan,nan,nan,nan,nan
1714054340.1661806,9883,nan,nan,nan,nan,nan,nan
1714054340.1880312,9884,nan,nan,nan,nan,nan,nan
1714054340.210991,9885,nan,nan,nan,nan,nan,nan
1714054340.2319772,9886,nan,nan,nan,nan,nan,nan
1714054340.2573266,9887,nan,nan,nan,nan,nan,nan
1714054340.27936,9888,nan,nan,nan,nan,nan,nan
1714054340.3019433,9889,nan,nan,nan,nan,nan,nan
1714054340.326161,9890,nan,nan,nan,nan,nan,nan
1714054340.345628,9891,nan,nan,nan,nan,nan,nan
1714054340.3668942,9892,nan,nan,nan,nan,nan,nan
1714054340.390111,9893,nan,nan,nan,nan,nan,nan
1714054340.4119127,9894,nan,nan,nan,nan,nan,nan
1714054340.4365706,9895,nan,nan,nan,nan,nan,nan
1714054340.4648643,9896,nan,nan,nan,nan,nan,nan
1714054340.4948795,9897,nan,nan,nan,nan,nan,nan
1714054340.5137165,9898,nan,nan,nan,nan,nan,nan
1714054340.5311017,9899,nan,nan,nan,nan,nan,nan
1714054340.549792,9900,nan,nan,nan,nan,nan,nan
1714054340.571963,9901,nan,nan,nan,nan,nan,nan
1714054340.5940115,9902,nan,nan,nan,nan,nan,nan
1714054340.616468,9903,nan,nan,nan,nan,nan,nan
1714054340.637845,9904,nan,nan,nan,nan,nan,nan
1714054340.6590784,9905,nan,nan,nan,nan,nan,nan
1714054340.6821325,9906,nan,nan,nan,nan,nan,nan
1714054340.7056434,9907,nan,nan,nan,nan,nan,nan
1714054340.7301154,9908,nan,nan,nan,nan,nan,nan
1714054340.7726457,9909,nan,nan,nan,nan,nan,nan
1714054340.8115954,9910,nan,nan,nan,nan,nan,nan
1714054340.8571763,9911,nan,nan,nan,nan,nan,nan
1714054340.8833337,9912,nan,nan,nan,nan,nan,nan
1714054340.8938458,9913,nan,nan,nan,nan,nan,nan
1714054340.9108286,9914,nan,nan,nan,nan,nan,nan
1714054340.9266746,9915,nan,nan,nan,nan,nan,nan
1714054340.9497492,9916,nan,nan,nan,nan,nan,nan
1714054340.9817133,9917,nan,nan,nan,nan,nan,nan
1714054340.995345,9918,nan,nan,nan,nan,nan,nan
1714054341.0174146,9919,nan,nan,nan,nan,nan,nan
1714054341.0505223,9920,nan,nan,nan,nan,nan,nan
1714054341.0651789,9921,nan,nan,nan,nan,nan,nan
1714054341.0802758,9922,nan,nan,nan,nan,nan,nan
1714054341.103775,9923,nan,nan,nan,nan,nan,nan
1714054341.1249125,9924,nan,nan,nan,nan,nan,nan
1714054341.1467462,9925,nan,nan,nan,nan,nan,nan
1714054341.169441,9926,nan,nan,nan,nan,nan,nan
1714054341.1907833,9927,nan,nan,nan,nan,nan,nan
1714054341.2141685,9928,nan,nan,nan,nan,nan,nan
1714054341.2353988,9929,nan,nan,nan,nan,nan,nan
1714054341.2577598,9930,nan,nan,nan,nan,nan,nan
1714054341.2792912,9931,nan,nan,nan,nan,nan,nan
1714054341.3029854,9932,nan,nan,nan,nan,nan,nan
1714054341.324561,9933,nan,nan,nan,nan,nan,nan
1714054341.3486643,9934,nan,nan,nan,nan,nan,nan
1714054341.3706357,9935,nan,nan,nan,nan,nan,nan
1714054341.396725,9936,nan,nan,nan,nan,nan,nan
1714054341.4170334,9937,nan,nan,nan,nan,nan,nan
1714054341.4387398,9938,nan,nan,nan,nan,nan,nan
1714054341.4631188,9939,nan,nan,nan,nan,nan,nan
1714054341.484252,9940,nan,nan,nan,nan,nan,nan
1714054341.5060616,9941,nan,nan,nan,nan,nan,nan
1714054341.5279775,9942,nan,nan,nan,nan,nan,nan
1714054341.5536578,9943,nan,nan,nan,nan,nan,nan
1714054341.5742679,9944,nan,nan,nan,nan,nan,nan
1714054341.5986438,9945,nan,nan,nan,nan,nan,nan
1714054341.6185367,9946,nan,nan,nan,nan,nan,nan
1714054341.6410074,9947,nan,nan,nan,nan,nan,nan
1714054341.668165,9948,nan,nan,nan,nan,nan,nan
1714054341.688955,9949,nan,nan,nan,nan,nan,nan
1714054341.710894,9950,nan,nan,nan,nan,nan,nan
1714054341.73373,9951,nan,nan,nan,nan,nan,nan
1714054341.7556627,9952,nan,nan,nan,nan,nan,nan
1714054341.7774904,9953,nan,nan,nan,nan,nan,nan
1714054341.7983701,9954,nan,nan,nan,nan,nan,nan
1714054341.8213189,9955,nan,nan,nan,nan,nan,nan
1714054341.843261,9956,nan,nan,nan,nan,nan,nan
1714054341.8661628,9957,nan,nan,nan,nan,nan,nan
1714054341.88811,9958,nan,nan,nan,nan,nan,nan
1714054341.9101384,9959,nan,nan,nan,nan,nan,nan
1714054341.9311607,9960,nan,nan,nan,nan,nan,nan
1714054341.9541168,9961,nan,nan,nan,nan,nan,nan
1714054341.9751155,9962,nan,nan,nan,nan,nan,nan
1714054341.9979322,9963,nan,nan,nan,nan,nan,nan
1714054342.0210264,9964,nan,nan,nan,nan,nan,nan
1714054342.0431197,9965,nan,nan,nan,nan,nan,nan
1714054342.0651174,9966,nan,nan,nan,nan,nan,nan
1714054342.0879865,9967,nan,nan,nan,nan,nan,nan
1714054342.1098459,9968,nan,nan,nan,nan,nan,nan
1714054342.1317666,9969,nan,nan,nan,nan,nan,nan
1714054342.1546543,9970,nan,nan,nan,nan,nan,nan
1714054342.1766768,9971,nan,nan,nan,nan,nan,nan
1714054342.1987035,9972,nan,nan,nan,nan,nan,nan
1714054342.221593,9973,nan,nan,nan,nan,nan,nan
1714054342.2445433,9974,nan,nan,nan,nan,nan,nan
1714054342.2655995,9975,nan,nan,nan,nan,nan,nan
1714054342.2884972,9976,nan,nan,nan,nan,nan,nan
1714054342.3105352,9977,nan,nan,nan,nan,nan,nan
1714054342.3335025,9978,nan,nan,nan,nan,nan,nan
1714054342.354157,9979,nan,nan,nan,nan,nan,nan
1714054342.3760743,9980,nan,nan,nan,nan,nan,nan
1714054342.3989394,9981,nan,nan,nan,nan,nan,nan
1714054342.420863,9982,nan,nan,nan,nan,nan,nan
1714054342.442707,9983,nan,nan,nan,nan,nan,nan
1714054342.4645548,9984,nan,nan,nan,nan,nan,nan
1714054342.4864204,9985,nan,nan,nan,nan,nan,nan
1714054342.508229,9986,nan,nan,nan,nan,nan,nan
1714054342.530117,9987,nan,nan,nan,nan,nan,nan
1714054342.5520651,9988,nan,nan,nan,nan,nan,nan
1714054342.5749137,9989,nan,nan,nan,nan,nan,nan
1714054342.596828,9990,nan,nan,nan,nan,nan,nan
1714054342.6186488,9991,nan,nan,nan,nan,nan,nan
1714054342.6415532,9992,nan,nan,nan,nan,nan,nan
1714054342.6638725,9993,nan,nan,nan,nan,nan,nan
1714054342.6867893,9994,nan,nan,nan,nan,nan,nan
1714054342.7098467,9995,nan,nan,nan,nan,nan,nan
1714054342.7330284,9996,nan,nan,nan,nan,nan,nan
1714054342.7562752,9997,nan,nan,nan,nan,nan,nan
1714054342.7782881,9998,nan,nan,nan,nan,nan,nan
1714054342.8001966,9999,nan,nan,nan,nan,nan,nan
1714054342.8220284,10000,nan,nan,nan,nan,nan,nan
1714054342.8448784,10001,nan,nan,nan,nan,nan,nan
1714054342.8657916,10002,nan,nan,nan,nan,nan,nan
1714054342.8875914,10003,nan,nan,nan,nan,nan,nan
1714054342.9095652,10004,nan,nan,nan,nan,nan,nan
1714054342.932821,10005,nan,nan,nan,nan,nan,nan
1714054342.954975,10006,nan,nan,nan,nan,nan,nan
1714054342.9768832,10007,nan,nan,nan,nan,nan,nan
1714054342.9987612,10008,nan,nan,nan,nan,nan,nan
1714054343.019942,10009,nan,nan,nan,nan,nan,nan
1714054343.043567,10010,nan,nan,nan,nan,nan,nan
1714054343.066035,10011,nan,nan,nan,nan,nan,nan
1714054343.0880272,10012,nan,nan,nan,nan,nan,nan
1714054343.1098208,10013,nan,nan,nan,nan,nan,nan
1714054343.131779,10014,nan,nan,nan,nan,nan,nan
1714054343.1545725,10015,nan,nan,nan,nan,nan,nan
1714054343.1763682,10016,nan,nan,nan,nan,nan,nan
1714054343.1973078,10017,nan,nan,nan,nan,nan,nan
1714054343.220177,10018,nan,nan,nan,nan,nan,nan
1714054343.2419968,10019,nan,nan,nan,nan,nan,nan
1714054343.2647433,10020,nan,nan,nan,nan,nan,nan
1714054343.287511,10021,nan,nan,nan,nan,nan,nan
1714054343.3111053,10022,nan,nan,nan,nan,nan,nan
1714054343.3334012,10023,nan,nan,nan,nan,nan,nan
1714054343.355235,10024,nan,nan,nan,nan,nan,nan
1714054343.3770103,10025,nan,nan,nan,nan,nan,nan
1714054343.3988032,10026,nan,nan,nan,nan,nan,nan
1714054343.4217622,10027,nan,nan,nan,nan,nan,nan
1714054343.443609,10028,nan,nan,nan,nan,nan,nan
1714054343.4670017,10029,nan,nan,nan,nan,nan,nan
1714054343.491359,10030,nan,nan,nan,nan,nan,nan
1714054343.5133507,10031,nan,nan,nan,nan,nan,nan
1714054343.5365472,10032,nan,nan,nan,nan,nan,nan
1714054343.5586905,10033,nan,nan,nan,nan,nan,nan
1714054343.5831714,10034,nan,nan,nan,nan,nan,nan
1714054343.6038978,10035,nan,nan,nan,nan,nan,nan
1714054343.6279213,10036,nan,nan,nan,nan,nan,nan
1714054343.65067,10037,nan,nan,nan,nan,nan,nan
1714054343.6747868,10038,nan,nan,nan,nan,nan,nan
1714054343.6975062,10039,nan,nan,nan,nan,nan,nan
1714054343.7288132,10040,nan,nan,nan,nan,nan,nan
1714054343.7546284,10041,nan,nan,nan,nan,nan,nan
1714054343.766539,10042,nan,nan,nan,nan,nan,nan
1714054343.7882779,10043,nan,nan,nan,nan,nan,nan
1714054343.8104386,10044,nan,nan,nan,nan,nan,nan
1714054343.8325658,10045,nan,nan,nan,nan,nan,nan
1714054343.8538363,10046,nan,nan,nan,nan,nan,nan
1714054343.8779678,10047,nan,nan,nan,nan,nan,nan
1714054343.9022965,10048,nan,nan,nan,nan,nan,nan
1714054343.9235919,10049,nan,nan,nan,nan,nan,nan
1714054343.960223,10050,nan,nan,nan,nan,nan,nan
1714054343.9811096,10051,nan,nan,nan,nan,nan,nan
1714054343.9912407,10052,nan,nan,nan,nan,nan,nan
1714054344.015121,10053,nan,nan,nan,nan,nan,nan
1714054344.0360649,10054,nan,nan,nan,nan,nan,nan
1714054344.0577216,10055,nan,nan,nan,nan,nan,nan
1714054344.080227,10056,nan,nan,nan,nan,nan,nan
1714054344.1033034,10057,nan,nan,nan,nan,nan,nan
1714054344.1257377,10058,nan,nan,nan,nan,nan,nan
1714054344.1478217,10059,nan,nan,nan,nan,nan,nan
1714054344.1713545,10060,nan,nan,nan,nan,nan,nan
1714054344.1983802,10061,nan,nan,nan,nan,nan,nan
1714054344.2202592,10062,nan,nan,nan,nan,nan,nan
1714054344.2448108,10063,nan,nan,nan,nan,nan,nan
1714054344.2661886,10064,nan,nan,nan,nan,nan,nan
1714054344.288974,10065,nan,nan,nan,nan,nan,nan
1714054344.3105624,10066,nan,nan,nan,nan,nan,nan
1714054344.3336978,10067,nan,nan,nan,nan,nan,nan
1714054344.356229,10068,nan,nan,nan,nan,nan,nan
1714054344.393323,10069,nan,nan,nan,nan,nan,nan
1714054344.4095726,10070,nan,nan,nan,nan,nan,nan
1714054344.4233787,10071,nan,nan,nan,nan,nan,nan
1714054344.4461,10072,nan,nan,nan,nan,nan,nan
1714054344.4714983,10073,nan,nan,nan,nan,nan,nan
1714054344.4942362,10074,nan,nan,nan,nan,nan,nan
1714054344.51749,10075,nan,nan,nan,nan,nan,nan
1714054344.5390532,10076,nan,nan,nan,nan,nan,nan
1714054344.5624065,10077,nan,nan,nan,nan,nan,nan
1714054344.584535,10078,nan,nan,nan,nan,nan,nan
1714054344.6064322,10079,nan,nan,nan,nan,nan,nan
1714054344.628665,10080,nan,nan,nan,nan,nan,nan
1714054344.654184,10081,nan,nan,nan,nan,nan,nan
1714054344.6824079,10082,nan,nan,nan,nan,nan,nan
1714054344.7052686,10083,nan,nan,nan,nan,nan,nan
1714054344.728634,10084,nan,nan,nan,nan,nan,nan
1714054344.7526577,10085,nan,nan,nan,nan,nan,nan
1714054344.7791512,10086,nan,nan,nan,nan,nan,nan
1714054344.8013096,10087,nan,nan,nan,nan,nan,nan
1714054344.8223734,10088,nan,nan,nan,nan,nan,nan
1714054344.84522,10089,nan,nan,nan,nan,nan,nan
1714054344.8665717,10090,nan,nan,nan,nan,nan,nan
1714054344.889523,10091,nan,nan,nan,nan,nan,nan
1714054344.9188037,10092,nan,nan,nan,nan,nan,nan
1714054344.9371617,10093,nan,nan,nan,nan,nan,nan
1714054344.9593315,10094,nan,nan,nan,nan,nan,nan
1714054344.9823074,10095,nan,nan,nan,nan,nan,nan
1714054345.0040245,10096,nan,nan,nan,nan,nan,nan
1714054345.0264344,10097,nan,nan,nan,nan,nan,nan
1714054345.0481136,10098,nan,nan,nan,nan,nan,nan
1714054345.0706983,10099,nan,nan,nan,nan,nan,nan
1714054345.0931785,10100,nan,nan,nan,nan,nan,nan
1714054345.116361,10101,nan,nan,nan,nan,nan,nan
1714054345.1393797,10102,nan,nan,nan,nan,nan,nan
1714054345.1611862,10103,nan,nan,nan,nan,nan,nan
1714054345.1841342,10104,nan,nan,nan,nan,nan,nan
1714054345.2058387,10105,nan,nan,nan,nan,nan,nan
1714054345.2281156,10106,nan,nan,nan,nan,nan,nan
1714054345.249503,10107,nan,nan,nan,nan,nan,nan
1714054345.2709048,10108,nan,nan,nan,nan,nan,nan
1714054345.292695,10109,nan,nan,nan,nan,nan,nan
1714054345.315566,10110,nan,nan,nan,nan,nan,nan
1714054345.3375468,10111,nan,nan,nan,nan,nan,nan
1714054345.3598223,10112,nan,nan,nan,nan,nan,nan
1714054345.3820345,10113,nan,nan,nan,nan,nan,nan
1714054345.4047465,10114,nan,nan,nan,nan,nan,nan
1714054345.4263637,10115,nan,nan,nan,nan,nan,nan
1714054345.4594047,10116,nan,nan,nan,nan,nan,nan
1714054345.4744992,10117,nan,nan,nan,nan,nan,nan
1714054345.4925814,10118,nan,nan,nan,nan,nan,nan
1714054345.5148633,10119,nan,nan,nan,nan,nan,nan
1714054345.5360005,10120,nan,nan,nan,nan,nan,nan
1714054345.5592015,10121,nan,nan,nan,nan,nan,nan
1714054345.5807042,10122,nan,nan,nan,nan,nan,nan
1714054345.6028483,10123,nan,nan,nan,nan,nan,nan
1714054345.6238458,10124,nan,nan,nan,nan,nan,nan
1714054345.6456325,10125,nan,nan,nan,nan,nan,nan
1714054345.668575,10126,nan,nan,nan,nan,nan,nan
1714054345.6895626,10127,nan,nan,nan,nan,nan,nan
1714054345.712445,10128,nan,nan,nan,nan,nan,nan
1714054345.733594,10129,nan,nan,nan,nan,nan,nan
1714054345.7561975,10130,nan,nan,nan,nan,nan,nan
1714054345.7773938,10131,nan,nan,nan,nan,nan,nan
1714054345.7994049,10132,nan,nan,nan,nan,nan,nan
1714054345.821135,10133,nan,nan,nan,nan,nan,nan
1714054345.8440742,10134,nan,nan,nan,nan,nan,nan
1714054345.866149,10135,nan,nan,nan,nan,nan,nan
1714054345.8889022,10136,nan,nan,nan,nan,nan,nan
1714054345.9117715,10137,nan,nan,nan,nan,nan,nan
1714054345.9331777,10138,nan,nan,nan,nan,nan,nan
1714054345.9565737,10139,nan,nan,nan,nan,nan,nan
1714054345.9786184,10140,nan,nan,nan,nan,nan,nan
1714054346.0014832,10141,nan,nan,nan,nan,nan,nan
1714054346.023769,10142,nan,nan,nan,nan,nan,nan
1714054346.046279,10143,nan,nan,nan,nan,nan,nan
1714054346.0676851,10144,nan,nan,nan,nan,nan,nan
1714054346.0894182,10145,nan,nan,nan,nan,nan,nan
1714054346.1145642,10146,nan,nan,nan,nan,nan,nan
1714054346.1392663,10147,nan,nan,nan,nan,nan,nan
1714054346.1611207,10148,nan,nan,nan,nan,nan,nan
1714054346.1802883,10149,nan,nan,nan,nan,nan,nan
1714054346.2011914,10150,nan,nan,nan,nan,nan,nan
1714054346.2253444,10151,nan,nan,nan,nan,nan,nan
1714054346.247602,10152,nan,nan,nan,nan,nan,nan
1714054346.269435,10153,nan,nan,nan,nan,nan,nan
1714054346.291485,10154,nan,nan,nan,nan,nan,nan
1714054346.3143342,10155,nan,nan,nan,nan,nan,nan
1714054346.3374133,10156,nan,nan,nan,nan,nan,nan
1714054346.359203,10157,nan,nan,nan,nan,nan,nan
1714054346.380035,10158,nan,nan,nan,nan,nan,nan
1714054346.4029264,10159,nan,nan,nan,nan,nan,nan
1714054346.4263601,10160,nan,nan,nan,nan,nan,nan
1714054346.4506505,10161,nan,nan,nan,nan,nan,nan
1714054346.472182,10162,nan,nan,nan,nan,nan,nan
1714054346.4942625,10163,nan,nan,nan,nan,nan,nan
1714054346.5192695,10164,nan,nan,nan,nan,nan,nan
1714054346.5400968,10165,nan,nan,nan,nan,nan,nan
1714054346.5622952,10166,nan,nan,nan,nan,nan,nan
1714054346.5855398,10167,nan,nan,nan,nan,nan,nan
1714054346.6064787,10168,nan,nan,nan,nan,nan,nan
1714054346.6284535,10169,nan,nan,nan,nan,nan,nan
1714054346.6517575,10170,nan,nan,nan,nan,nan,nan
1714054346.6735003,10171,nan,nan,nan,nan,nan,nan
1714054346.6954923,10172,nan,nan,nan,nan,nan,nan
1714054346.7176497,10173,nan,nan,nan,nan,nan,nan
1714054346.740559,10174,nan,nan,nan,nan,nan,nan
1714054346.762336,10175,nan,nan,nan,nan,nan,nan
1714054346.7828944,10176,nan,nan,nan,nan,nan,nan
1714054346.8065026,10177,nan,nan,nan,nan,nan,nan
1714054346.8336458,10178,nan,nan,nan,nan,nan,nan
1714054346.8622587,10179,nan,nan,nan,nan,nan,nan
1714054346.9067295,10180,nan,nan,nan,nan,nan,nan
1714054346.9444103,10181,nan,nan,nan,nan,nan,nan
1714054346.9619997,10182,nan,nan,nan,nan,nan,nan
1714054346.9760406,10183,nan,nan,nan,nan,nan,nan
1714054346.9851236,10184,nan,nan,nan,nan,nan,nan
1714054346.9982712,10185,nan,nan,nan,nan,nan,nan
1714054347.015078,10186,nan,nan,nan,nan,nan,nan
1714054347.036877,10187,nan,nan,nan,nan,nan,nan
1714054347.058798,10188,nan,nan,nan,nan,nan,nan
1714054347.081316,10189,nan,nan,nan,nan,nan,nan
1714054347.1055,10190,nan,nan,nan,nan,nan,nan
1714054347.126576,10191,nan,nan,nan,nan,nan,nan
1714054347.1518807,10192,nan,nan,nan,nan,nan,nan
1714054347.1730692,10193,nan,nan,nan,nan,nan,nan
1714054347.206395,10194,nan,nan,nan,nan,nan,nan
1714054347.2234752,10195,nan,nan,nan,nan,nan,nan
1714054347.2420352,10196,nan,nan,nan,nan,nan,nan
1714054347.2649457,10197,nan,nan,nan,nan,nan,nan
1714054347.2869067,10198,nan,nan,nan,nan,nan,nan
1714054347.3094656,10199,nan,nan,nan,nan,nan,nan
1714054347.3315454,10200,nan,nan,nan,nan,nan,nan
1714054347.354335,10201,nan,nan,nan,nan,nan,nan
1714054347.3776824,10202,nan,nan,nan,nan,nan,nan
1714054347.3979712,10203,nan,nan,nan,nan,nan,nan
1714054347.4207792,10204,nan,nan,nan,nan,nan,nan
1714054347.4429493,10205,nan,nan,nan,nan,nan,nan
1714054347.4656959,10206,nan,nan,nan,nan,nan,nan
1714054347.487949,10207,nan,nan,nan,nan,nan,nan
1714054347.5091462,10208,nan,nan,nan,nan,nan,nan
1714054347.5320728,10209,nan,nan,nan,nan,nan,nan
1714054347.5543628,10210,nan,nan,nan,nan,nan,nan
1714054347.5783732,10211,nan,nan,nan,nan,nan,nan
1714054347.602426,10212,nan,nan,nan,nan,nan,nan
1714054347.6253703,10213,nan,nan,nan,nan,nan,nan
1714054347.6474388,10214,nan,nan,nan,nan,nan,nan
1714054347.6695502,10215,nan,nan,nan,nan,nan,nan
1714054347.6904776,10216,nan,nan,nan,nan,nan,nan
1714054347.7134123,10217,nan,nan,nan,nan,nan,nan
1714054347.7353852,10218,nan,nan,nan,nan,nan,nan
1714054347.7573264,10219,nan,nan,nan,nan,nan,nan
1714054347.778235,10220,nan,nan,nan,nan,nan,nan
1714054347.8010483,10221,nan,nan,nan,nan,nan,nan
1714054347.8239834,10222,nan,nan,nan,nan,nan,nan
1714054347.8469014,10223,nan,nan,nan,nan,nan,nan
1714054347.869866,10224,nan,nan,nan,nan,nan,nan
1714054347.8918197,10225,nan,nan,nan,nan,nan,nan
1714054347.9126837,10226,nan,nan,nan,nan,nan,nan
1714054347.935793,10227,nan,nan,nan,nan,nan,nan
1714054347.960267,10228,nan,nan,nan,nan,nan,nan
1714054347.9973977,10229,nan,nan,nan,nan,nan,nan
1714054348.024467,10230,nan,nan,nan,nan,nan,nan
1714054348.0457897,10231,nan,nan,nan,nan,nan,nan
1714054348.0615523,10232,nan,nan,nan,nan,nan,nan
1714054348.0732224,10233,nan,nan,nan,nan,nan,nan
1714054348.091865,10234,nan,nan,nan,nan,nan,nan
1714054348.1137257,10235,nan,nan,nan,nan,nan,nan
1714054348.1355762,10236,nan,nan,nan,nan,nan,nan
1714054348.1587822,10237,nan,nan,nan,nan,nan,nan
1714054348.1815193,10238,nan,nan,nan,nan,nan,nan
1714054348.2030075,10239,nan,nan,nan,nan,nan,nan
1714054348.2259572,10240,nan,nan,nan,nan,nan,nan
1714054348.248229,10241,nan,nan,nan,nan,nan,nan
1714054348.269166,10242,nan,nan,nan,nan,nan,nan
1714054348.2909698,10243,nan,nan,nan,nan,nan,nan
1714054348.31279,10244,nan,nan,nan,nan,nan,nan
1714054348.3366601,10245,nan,nan,nan,nan,nan,nan
1714054348.357891,10246,nan,nan,nan,nan,nan,nan
1714054348.3799212,10247,nan,nan,nan,nan,nan,nan
1714054348.4029787,10248,nan,nan,nan,nan,nan,nan
1714054348.424583,10249,nan,nan,nan,nan,nan,nan
1714054348.447287,10250,nan,nan,nan,nan,nan,nan
1714054348.4695399,10251,nan,nan,nan,nan,nan,nan
1714054348.4923356,10252,nan,nan,nan,nan,nan,nan
1714054348.5136127,10253,nan,nan,nan,nan,nan,nan
1714054348.5352604,10254,nan,nan,nan,nan,nan,nan
1714054348.557119,10255,nan,nan,nan,nan,nan,nan
1714054348.5791545,10256,nan,nan,nan,nan,nan,nan
1714054348.601129,10257,nan,nan,nan,nan,nan,nan
1714054348.6232073,10258,nan,nan,nan,nan,nan,nan
1714054348.645226,10259,nan,nan,nan,nan,nan,nan
1714054348.6681223,10260,nan,nan,nan,nan,nan,nan
1714054348.6901038,10261,nan,nan,nan,nan,nan,nan
1714054348.7110562,10262,nan,nan,nan,nan,nan,nan
1714054348.7340648,10263,nan,nan,nan,nan,nan,nan
1714054348.7563202,10264,nan,nan,nan,nan,nan,nan
1714054348.7791643,10265,nan,nan,nan,nan,nan,nan
1714054348.8011343,10266,nan,nan,nan,nan,nan,nan
1714054348.8231163,10267,nan,nan,nan,nan,nan,nan
1714054348.8453834,10268,nan,nan,nan,nan,nan,nan
1714054348.8672981,10269,nan,nan,nan,nan,nan,nan
1714054348.8894188,10270,nan,nan,nan,nan,nan,nan
1714054348.9104369,10271,nan,nan,nan,nan,nan,nan
1714054348.932283,10272,nan,nan,nan,nan,nan,nan
1714054348.9552233,10273,nan,nan,nan,nan,nan,nan
1714054348.9773188,10274,nan,nan,nan,nan,nan,nan
1714054348.9997914,10275,nan,nan,nan,nan,nan,nan
1714054349.0218387,10276,nan,nan,nan,nan,nan,nan
1714054349.0450633,10277,nan,nan,nan,nan,nan,nan
1714054349.0670452,10278,nan,nan,nan,nan,nan,nan
1714054349.0879414,10279,nan,nan,nan,nan,nan,nan
1714054349.1098936,10280,nan,nan,nan,nan,nan,nan
1714054349.1308634,10281,nan,nan,nan,nan,nan,nan
1714054349.1528118,10282,nan,nan,nan,nan,nan,nan
1714054349.1757703,10283,nan,nan,nan,nan,nan,nan
1714054349.1978407,10284,nan,nan,nan,nan,nan,nan
1714054349.2197933,10285,nan,nan,nan,nan,nan,nan
1714054349.2418604,10286,nan,nan,nan,nan,nan,nan
1714054349.2651658,10287,nan,nan,nan,nan,nan,nan
1714054349.2884843,10288,nan,nan,nan,nan,nan,nan
1714054349.310543,10289,nan,nan,nan,nan,nan,nan
1714054349.3333485,10290,nan,nan,nan,nan,nan,nan
1714054349.3555315,10291,nan,nan,nan,nan,nan,nan
1714054349.3775826,10292,nan,nan,nan,nan,nan,nan
1714054349.400507,10293,nan,nan,nan,nan,nan,nan
1714054349.4225261,10294,nan,nan,nan,nan,nan,nan
1714054349.4443643,10295,nan,nan,nan,nan,nan,nan
1714054349.4673564,10296,nan,nan,nan,nan,nan,nan
1714054349.489617,10297,nan,nan,nan,nan,nan,nan
1714054349.511984,10298,nan,nan,nan,nan,nan,nan
1714054349.5331228,10299,nan,nan,nan,nan,nan,nan
1714054349.5546227,10300,nan,nan,nan,nan,nan,nan
1714054349.5755992,10301,nan,nan,nan,nan,nan,nan
1714054349.597525,10302,nan,nan,nan,nan,nan,nan
1714054349.6191933,10303,nan,nan,nan,nan,nan,nan
1714054349.6491785,10304,nan,nan,nan,nan,nan,nan
1714054349.6648445,10305,nan,nan,nan,nan,nan,nan
1714054349.6868615,10306,nan,nan,nan,nan,nan,nan
1714054349.7100148,10307,nan,nan,nan,nan,nan,nan
1714054349.735802,10308,nan,nan,nan,nan,nan,nan
1714054349.7758133,10309,nan,nan,nan,nan,nan,nan
1714054349.8074515,10310,nan,nan,nan,nan,nan,nan
1714054349.8317127,10311,nan,nan,nan,nan,nan,nan
1714054349.8403053,10312,nan,nan,nan,nan,nan,nan
1714054349.856465,10313,nan,nan,nan,nan,nan,nan
1714054349.8773189,10314,nan,nan,nan,nan,nan,nan
1714054349.8995745,10315,nan,nan,nan,nan,nan,nan
1714054349.921362,10316,nan,nan,nan,nan,nan,nan
1714054349.9428105,10317,nan,nan,nan,nan,nan,nan
1714054349.9645662,10318,nan,nan,nan,nan,nan,nan
1714054349.9878068,10319,nan,nan,nan,nan,nan,nan
1714054350.0088308,10320,nan,nan,nan,nan,nan,nan
1714054350.0311189,10321,nan,nan,nan,nan,nan,nan
1714054350.052535,10322,nan,nan,nan,nan,nan,nan
1714054350.0734665,10323,nan,nan,nan,nan,nan,nan
1714054350.0963824,10324,nan,nan,nan,nan,nan,nan
1714054350.1184304,10325,nan,nan,nan,nan,nan,nan
1714054350.141254,10326,nan,nan,nan,nan,nan,nan
1714054350.163149,10327,nan,nan,nan,nan,nan,nan
1714054350.1861305,10328,nan,nan,nan,nan,nan,nan
1714054350.2091234,10329,nan,nan,nan,nan,nan,nan
1714054350.2321756,10330,nan,nan,nan,nan,nan,nan
1714054350.253631,10331,nan,nan,nan,nan,nan,nan
1714054350.2756073,10332,nan,nan,nan,nan,nan,nan
1714054350.2977347,10333,nan,nan,nan,nan,nan,nan
1714054350.321034,10334,nan,nan,nan,nan,nan,nan
1714054350.341232,10335,nan,nan,nan,nan,nan,nan
1714054350.3633552,10336,nan,nan,nan,nan,nan,nan
1714054350.3852847,10337,nan,nan,nan,nan,nan,nan
1714054350.4074528,10338,nan,nan,nan,nan,nan,nan
1714054350.4301653,10339,nan,nan,nan,nan,nan,nan
1714054350.452273,10340,nan,nan,nan,nan,nan,nan
1714054350.478407,10341,nan,nan,nan,nan,nan,nan
1714054350.5022712,10342,nan,nan,nan,nan,nan,nan
1714054350.524787,10343,nan,nan,nan,nan,nan,nan
1714054350.546501,10344,nan,nan,nan,nan,nan,nan
1714054350.5689664,10345,nan,nan,nan,nan,nan,nan
1714054350.5897977,10346,nan,nan,nan,nan,nan,nan
1714054350.6138635,10347,nan,nan,nan,nan,nan,nan
1714054350.6368968,10348,nan,nan,nan,nan,nan,nan
1714054350.658384,10349,nan,nan,nan,nan,nan,nan
1714054350.6808608,10350,nan,nan,nan,nan,nan,nan
1714054350.7022998,10351,nan,nan,nan,nan,nan,nan
1714054350.72404,10352,nan,nan,nan,nan,nan,nan
1714054350.7459621,10353,nan,nan,nan,nan,nan,nan
1714054350.7679996,10354,nan,nan,nan,nan,nan,nan
1714054350.7890744,10355,nan,nan,nan,nan,nan,nan
1714054350.8113713,10356,nan,nan,nan,nan,nan,nan
1714054350.8343756,10357,nan,nan,nan,nan,nan,nan
1714054350.860231,10358,nan,nan,nan,nan,nan,nan
1714054350.87936,10359,nan,nan,nan,nan,nan,nan
1714054350.9002697,10360,nan,nan,nan,nan,nan,nan
1714054350.9221842,10361,nan,nan,nan,nan,nan,nan
1714054350.944087,10362,nan,nan,nan,nan,nan,nan
1714054350.967088,10363,nan,nan,nan,nan,nan,nan
1714054350.9917612,10364,nan,nan,nan,nan,nan,nan
1714054351.0137823,10365,nan,nan,nan,nan,nan,nan
1714054351.0358002,10366,nan,nan,nan,nan,nan,nan
1714054351.0579965,10367,nan,nan,nan,nan,nan,nan
1714054351.080796,10368,nan,nan,nan,nan,nan,nan
1714054351.1015759,10369,nan,nan,nan,nan,nan,nan
1714054351.1234367,10370,nan,nan,nan,nan,nan,nan
1714054351.1459565,10371,nan,nan,nan,nan,nan,nan
1714054351.170063,10372,nan,nan,nan,nan,nan,nan
1714054351.2032468,10373,nan,nan,nan,nan,nan,nan
1714054351.236112,10374,nan,nan,nan,nan,nan,nan
1714054351.2631197,10375,nan,nan,nan,nan,nan,nan
1714054351.2769897,10376,nan,nan,nan,nan,nan,nan
1714054351.2875373,10377,nan,nan,nan,nan,nan,nan
1714054351.3023033,10378,nan,nan,nan,nan,nan,nan
1714054351.3240478,10379,nan,nan,nan,nan,nan,nan
1714054351.346924,10380,nan,nan,nan,nan,nan,nan
1714054351.3687484,10381,nan,nan,nan,nan,nan,nan
1714054351.3906727,10382,nan,nan,nan,nan,nan,nan
1714054351.4126418,10383,nan,nan,nan,nan,nan,nan
1714054351.4354262,10384,nan,nan,nan,nan,nan,nan
1714054351.4572756,10385,nan,nan,nan,nan,nan,nan
1714054351.4794512,10386,nan,nan,nan,nan,nan,nan
1714054351.5022783,10387,nan,nan,nan,nan,nan,nan
1714054351.5241702,10388,nan,nan,nan,nan,nan,nan
1714054351.5459745,10389,nan,nan,nan,nan,nan,nan
1714054351.567828,10390,nan,nan,nan,nan,nan,nan
1714054351.5911973,10391,nan,nan,nan,nan,nan,nan
1714054351.6118977,10392,nan,nan,nan,nan,nan,nan
1714054351.6354578,10393,nan,nan,nan,nan,nan,nan
1714054351.6583369,10394,nan,nan,nan,nan,nan,nan
1714054351.6823103,10395,nan,nan,nan,nan,nan,nan
1714054351.7039628,10396,nan,nan,nan,nan,nan,nan
1714054351.7262702,10397,nan,nan,nan,nan,nan,nan
1714054351.7481873,10398,nan,nan,nan,nan,nan,nan
1714054351.7705302,10399,nan,nan,nan,nan,nan,nan
1714054351.7938027,10400,nan,nan,nan,nan,nan,nan
1714054351.8150375,10401,nan,nan,nan,nan,nan,nan
1714054351.836844,10402,nan,nan,nan,nan,nan,nan
1714054351.8601143,10403,nan,nan,nan,nan,nan,nan
1714054351.8852763,10404,nan,nan,nan,nan,nan,nan
1714054351.9058967,10405,nan,nan,nan,nan,nan,nan
1714054351.9286585,10406,nan,nan,nan,nan,nan,nan
1714054351.951406,10407,nan,nan,nan,nan,nan,nan
1714054351.974427,10408,nan,nan,nan,nan,nan,nan
1714054351.996632,10409,nan,nan,nan,nan,nan,nan
1714054352.0195735,10410,nan,nan,nan,nan,nan,nan
1714054352.0415487,10411,nan,nan,nan,nan,nan,nan
1714054352.063537,10412,nan,nan,nan,nan,nan,nan
1714054352.0856588,10413,nan,nan,nan,nan,nan,nan
1714054352.1064901,10414,nan,nan,nan,nan,nan,nan
1714054352.1283598,10415,nan,nan,nan,nan,nan,nan
1714054352.1525064,10416,nan,nan,nan,nan,nan,nan
1714054352.1732485,10417,nan,nan,nan,nan,nan,nan
1714054352.1952693,10418,nan,nan,nan,nan,nan,nan
1714054352.21662,10419,nan,nan,nan,nan,nan,nan
1714054352.237881,10420,nan,nan,nan,nan,nan,nan
1714054352.260927,10421,nan,nan,nan,nan,nan,nan
1714054352.2831554,10422,nan,nan,nan,nan,nan,nan
1714054352.3050337,10423,nan,nan,nan,nan,nan,nan
1714054352.3281612,10424,nan,nan,nan,nan,nan,nan
1714054352.3495648,10425,nan,nan,nan,nan,nan,nan
1714054352.3723147,10426,nan,nan,nan,nan,nan,nan
1714054352.3976257,10427,nan,nan,nan,nan,nan,nan
1714054352.4227915,10428,nan,nan,nan,nan,nan,nan
1714054352.4447045,10429,nan,nan,nan,nan,nan,nan
1714054352.468254,10430,nan,nan,nan,nan,nan,nan
1714054352.49136,10431,nan,nan,nan,nan,nan,nan
1714054352.5140162,10432,nan,nan,nan,nan,nan,nan
